-6.093181564449564463e-02
-6.412515283740362337e-02
5.014096557935354692e-02
1.792751311383956143e-03
-5.895966968885519438e-03
1.534157236026867030e-02
4.560732993667859780e-02
-9.879646701145782667e-03
-5.587486099296968232e-03
-1.993226381564653510e-02
-5.147013538594991111e-02
6.421172491935470128e-02
1.495660294284221481e-01
-1.364633961522770389e-01
1.340413556634206110e-02
-3.939130934307803755e-02
-1.228758932081479988e-01
-1.467193370182873491e-01
5.189977923411720484e-02
1.558629319253073027e-02
-4.391820949984504008e-02
-5.513630335778547595e-03
9.107827447920290032e-02
-8.677628845963481288e-03
6.202966396916323455e-03
9.369441189136604176e-02
1.044333035938811369e-02
-3.497027480672351306e-04
6.217824817106556989e-02
5.861841659381252650e-02
7.799676548072440041e-02
-1.749777445311623617e-02
-3.974022994501457545e-02
6.622873828355324566e-02
-7.162210612722832125e-03
-4.065203882604075808e-02
-1.303280272647604904e-02
5.590338296046494515e-02
-1.017114575784075631e-01
-3.271978057413495178e-02
2.393065904470479538e-02
-5.325782917654547921e-02
3.997996184195174926e-03
-1.750398000087316150e-02
7.768917605372933910e-02
-1.017953583506809034e-01
2.194786766004701989e-02
1.092031931551380557e-02
-2.405631487220088668e-02
2.945132736568333714e-02
-3.758735634244041168e-02
-4.045179462942362705e-03
-1.541224704578538635e-02
4.416181065393074562e-02
-1.318833051728193241e-02
-4.727586618875358714e-03
-3.195708202423878236e-02
-2.369354182383218502e-02
-5.138127535731430023e-02
-1.418334864335062118e-01
2.358017559366537563e-02
4.388274866228401155e-02
5.606579688146241108e-02
-8.032247419577383252e-02
6.255633208457994643e-02
-2.997979802049632533e-02
4.805905609220030572e-02
-2.253782281128276568e-02
-8.363593893700489723e-02
3.116282805844033943e-02
1.285186713437757311e-01
-2.237140135409057887e-02
5.998243587819097888e-02
3.112308827473399264e-02
-6.075455639122571971e-02
2.743520734615987559e-03
5.892796929061939332e-02
-7.615419175788161466e-02
-4.413896691132668942e-02
-1.164626271484675291e-01
2.151734928244269929e-02
-1.377727042049842893e-02
