7.660760693249260567e-02
9.390728367043282843e-02
8.083060797475921655e-02
3.932765169346959244e-02
4.814174273406447019e-02
5.203445319314535522e-02
4.976743648948641491e-02
6.387268972749551854e-02
4.750486372262831269e-02
4.354215151052459598e-02
6.280629029262430052e-02
1.207365487406972387e-01
7.014192505222055507e-02
6.028665089839433527e-02
-4.003695775077600189e-02
-2.193806758653442726e-02
8.480807907275504653e-02
8.938611769858881284e-02
7.422552418279458608e-02
5.438204061888016194e-02
2.398761939712559105e-02
4.559927706735111830e-02
-6.365453677842890234e-02
8.807011461784020057e-02
8.677206088403581485e-02
9.958828496206417746e-02
-3.130721693625125590e-02
4.755307293461141782e-02
1.152879660654248101e-01
9.189552795118616224e-02
1.329017805746176006e-01
4.249094002234007905e-02
6.301389816023497681e-02
3.059379341904466809e-02
-1.365317209121557664e-02
9.468881039412019307e-02
5.126590041224825256e-02
-5.663472528854675281e-02
7.241082857418139340e-02
1.067459674479168397e-01
5.086497234200118567e-02
1.220786835898505091e-01
5.503870949199266699e-02
3.867324975360288825e-02
1.795700113711371296e-02
5.182104482977607784e-02
7.189186063539734772e-02
8.661085985332341031e-02
4.588405804732523241e-02
-1.607840029827601117e-02
1.032066520823646805e-01
-1.315302559267203346e-02
5.817381965689499834e-02
1.653881709215936774e-02
3.194557766777941094e-02
-2.353863790538726630e-02
4.426830333595810352e-02
-9.214927084750784009e-03
-1.125742479903439897e-01
1.183308549783411018e-01
-1.162174048818019438e-02
2.460047538288552549e-02
4.899843292203302086e-02
7.257647567760777685e-02
4.515140902968314829e-02
6.178173674620266592e-02
-4.631156439754603032e-02
4.154558596441124130e-02
9.190204015013375693e-02
7.412867780504835136e-02
1.278492033003756634e-01
4.971246760424416489e-02
1.111764627371454178e-01
4.263102613441278194e-02
9.092815640648019282e-02
4.914071796450186075e-02
7.919800470151414085e-02
7.858691538967435553e-02
1.919936047553925246e-02
1.014462465354075138e-01
2.508205204361258975e-02
-1.273716900112116697e-02
