3.951578119162788005e-01
1.547686450869174279e-01
1.109593053937599355e-01
2.080683301784599371e-01
5.351602306435325473e-03
1.193478641815752944e-01
2.010749321486176577e-01
9.621453898332495147e-02
2.212127140892810317e-01
1.392798852086367667e-01
1.719443418186471229e-01
1.797668838702192740e-01
1.433540703904943314e-01
2.770039167458987484e-01
2.265031061225944997e-01
3.462257523421216066e-01
1.030536734951447292e-01
1.642029837412657123e-01
1.710018166410299800e-01
1.008716823674474378e-01
2.873979404362895368e-02
9.278850392349304033e-02
1.395192665056017578e-01
1.346422278941133976e-01
1.126950887037923843e-01
1.035759194562785451e-01
1.268003882856375830e-01
1.533601711802005108e-01
1.700988385667317748e-01
1.129966610935568411e-01
1.898256441520373150e-01
1.947201602147130561e-01
2.898899851719578535e-01
1.240840223074810150e-01
2.868522068625773969e-01
2.658013647861559026e-01
2.078525680929121933e-01
1.851618771553621701e-01
1.488471070846719424e-01
1.833454670444190082e-01
1.172547621188487488e-01
2.593605073140557993e-01
2.348946360823079560e-01
2.606904329965436529e-01
1.150273374152282480e-01
1.688557797762713919e-01
1.255949611671327570e-01
3.047447449059499935e-01
1.421054682095191368e-01
1.950649301901039578e-01
2.086297946941021164e-01
2.322486674927012607e-01
2.048013752790597275e-01
3.119468965914475311e-01
9.556030497674682100e-02
1.724137879499066939e-01
2.495352048867418016e-01
2.402467402247084605e-01
1.928521104600131320e-01
1.866689046153794385e-01
2.960767358606585797e-01
1.444318390181875966e-01
1.456741174180238574e-01
1.454302300497170297e-01
9.568032946000459837e-02
1.779840630069140228e-01
2.197004222754553593e-01
1.489558018192903566e-01
1.646255480743495092e-01
1.522386729121962268e-01
2.358435592609624820e-01
1.927244319150563934e-01
2.131412776636656958e-01
2.060236060324067420e-01
1.237969153354468860e-01
3.546620135592912781e-01
1.400943451118780714e-01
1.868266205609588893e-01
1.386233161092384203e-01
1.920106245422476821e-01
1.640044817623081685e-01
2.398760468131315993e-01
