2.542202076460547966e-01
2.075736505106564045e-01
6.777813327214878003e-02
3.456826442541137134e-01
1.483905023594758732e-01
2.523166068389432470e-01
2.404896282609084168e-01
8.823772029715570842e-02
2.213440737897933996e-01
2.890343851416817267e-01
8.333598040377494798e-02
6.756926428493124914e-02
9.926894707111208471e-02
6.550220452890501144e-02
3.421595683102564012e-01
3.774630727278401876e-01
5.454332046330558764e-02
1.873866132568570986e-01
1.133294722205678007e-01
1.490838462131374997e-01
1.894457215037998465e-01
2.061888714783740584e-01
3.253341281920472117e-01
8.652213468773872762e-02
1.037233100165889793e-01
3.742835577026708965e-02
1.290513231564100194e-01
5.263374661968183571e-02
1.333082038166222560e-01
9.110647145838433880e-02
7.491294430955811046e-02
5.238176578476308465e-02
2.292450080642348120e-01
1.517325180770218163e-01
4.068823155638597866e-01
1.947552164736174041e-01
8.248311282793226173e-02
3.202527596195757220e-01
1.504408045159235929e-01
8.681521358823758583e-02
1.125575756362031665e-01
1.140718097848771040e-01
3.003329897633000845e-01
3.690102886599364029e-01
1.133004023490070816e-01
1.898282859760467844e-01
6.216685196994056750e-02
1.043456635865267490e-01
2.210099451052908448e-01
2.664651403368397120e-01
8.810677342680788005e-02
2.029661447868144064e-01
7.760778843105257951e-02
2.381345270392919156e-01
2.079935787172040584e-01
3.389821215192910797e-01
2.792773627016202354e-01
2.915637407493379407e-01
2.139303975856617079e-01
9.854996630689245862e-02
2.629244835832519889e-01
1.453508204446380125e-01
1.387490639829858929e-01
2.648882973308490651e-01
2.108082326585417610e-01
1.949623707197297162e-01
3.829837174000521594e-01
1.617370706705346384e-01
7.219044796623440285e-02
1.105256791678090322e-01
1.755061350061120906e-01
7.381358634522970641e-02
1.343288537151418327e-01
2.484372743537420769e-01
1.410800382354752414e-01
4.341526507905171250e-01
1.598709182782590832e-01
1.433304576687661203e-01
1.372967474246665764e-01
8.796226628608376508e-02
2.110283168492791961e-01
2.997692084460776840e-01
