-6.321578245815369368e-03
1.038522531317057490e-01
-7.598119603103928310e-02
-7.885720157111060502e-02
9.455340399287147368e-02
-1.081738795320424246e-01
-6.161703984280999385e-02
-4.841711166411812040e-02
-8.922598051937058461e-02
1.636296764580514040e-01
-5.945990324956822171e-02
-9.610526702577394664e-02
-2.029306757119738180e-01
-2.038237399559149621e-01
-9.045830000022210549e-02
-2.576813576110518200e-01
-8.142864207173666768e-02
-1.288591932362406767e-01
8.394319481963544161e-02
-6.042929942415942862e-03
2.187925234836748944e-01
-2.137236616930897337e-01
-1.066752103452162925e-01
-2.078476481091027020e-02
-1.059117268754676822e-01
-5.368211293705586751e-02
1.227640066838407845e-01
2.149492842163028619e-02
-7.741723754904468457e-02
8.473561504728586991e-02
1.204878257363215105e-01
6.161177529379931184e-02
-2.335628537472101696e-01
1.782101869394031937e-02
-2.606256178727774098e-02
1.278163366261684808e-01
-1.144755244628484631e-01
-1.525062391312600740e-01
6.372235312672062946e-02
-9.295811005589195430e-02
-1.443398875677994742e-01
1.328845181354184057e-01
-1.152888776398961895e-01
8.451013921575609156e-02
-1.174874782200372031e-01
3.538202255085675513e-02
-2.129330563819611596e-02
8.268857566942132420e-02
4.183951466365775501e-02
5.165036415915374990e-02
-9.360401396387113548e-02
1.465274789251206078e-01
3.349796781404423274e-01
3.936295809983143129e-02
2.934464349599004707e-01
6.025636210576701401e-02
-4.164175469988230099e-02
-2.460569690122011311e-03
-5.344696383179874111e-02
-5.334068891937457368e-02
7.728323937601443150e-03
1.085194265437318673e-01
1.076567669570851517e-02
8.276455621736890367e-02
-9.011564103201122333e-02
8.139399168396865836e-02
-1.008924746900584229e-01
1.635847987728112143e-02
6.764816648971855306e-02
