-1.714652322425793129e-01
3.631889188644193056e-04
3.132091582151991793e-01
-5.175894609287617909e-02
-9.337061733033295841e-02
5.012255674127989030e-02
4.016958035918013481e-01
-9.133257790038117052e-03
-8.176029871412403283e-02
1.726242389987385772e-01
-1.662285197629185043e-02
-5.726938197931067398e-01
-6.205348902739487443e-02
-5.064907206051531136e-02
-5.013884891487641049e-02
4.887921552336844944e-02
3.440713881597064483e-01
-3.856546071847431062e-02
1.835026746842196854e-01
3.316279380009361233e-02
-1.238466693513174122e-01
-6.848509293929699870e-02
-1.018096359334829254e-01
-8.020269997039112739e-03
3.578709106929033323e-01
2.434816088369413933e-02
2.930692671861391107e-03
-2.942808563496418159e-02
-3.496370170790118193e-02
3.540708102153661274e-02
9.582352352164270545e-03
1.224320468042980475e-01
-5.854611117598785830e-01
6.913270084278433369e-02
2.665448993563078184e-01
3.266168718561669737e-02
1.498295562736400854e-01
-1.758342919689831751e-01
-1.066059676835776765e-01
-7.232036273826218664e-02
1.084162826130901508e-01
1.650359738572542978e-01
-9.829675266511237082e-04
-6.247104007995357700e-02
6.071633222414526271e-02
1.484556674090945329e-03
1.291505921709270588e-01
-5.395407174012193177e-03
-1.101984741544310281e-01
-7.458104748601768197e-02
1.171875899967471796e-01
3.079895304575053783e-01
-1.643033487885082675e-02
-1.809050802540671521e-01
-1.301778277796375172e-01
-7.111537072334236931e-02
-2.761336215537481265e-02
1.217278275981968916e-01
6.729994882876526308e-02
-1.955023279263410629e-01
9.760640862961275643e-02
-6.475550945287615601e-02
1.520466438756495897e-01
-1.212257180670122114e-01
-1.557388566887477344e-01
2.786494270323048097e-02
-1.817144461884749318e-01
-1.188656892652749097e-01
1.326816533121934760e-01
-1.230615554471917034e-01
2.029292585611142952e-01
2.879009435444542242e-01
7.202170442094868452e-02
7.174546437727442882e-02
-4.370977348780927252e-02
3.258670490743353354e-01
-4.878505488217695779e-02
-1.802118712268983014e-01
-6.644412287273966655e-02
-2.764819136784986073e-02
-8.512087633330250869e-02
-4.827549971216929525e-02
7.287580542386539427e-03
-1.028858537563680509e-01
2.888010002216510053e-01
2.929995339911493717e-04
2.231990696420012854e-01
3.181222238121477197e-01
3.789977870185962799e-02
4.860255874907822016e-02
1.702909578493629617e-01
2.155364528167260860e-02
-8.965472974417153518e-01
3.078630475598776450e-01
1.297392420154319936e-01
-8.395107401175513906e-02
-6.771652743717077039e-02
2.725547397943429290e-02
4.112990953892527446e-01
-8.464999059119730773e-02
-5.280262137247929838e-02
1.583366601509190660e-02
