3.126205708918197712e-01
-3.189128551007149037e-02
2.010546534311437594e-01
-1.275922260000294794e-01
6.900038171275950372e-02
-3.719734174252419499e-03
2.073086609507651112e-01
-5.128257617363476961e-02
2.320973991115754878e-02
1.029422330990290152e-01
1.168225519687504793e-01
3.057969595541644159e-01
2.373887213860457757e-01
-2.029942227016223177e-01
1.186518538709399884e-01
1.812717721714915131e-01
1.767644169928664077e-01
-1.509725248504385949e-02
-1.860777167547409960e-01
-1.253634527593746328e-01
2.575382044161524941e-01
-1.020102025450946581e-01
2.278143981948514973e-01
-2.820338298148375444e-01
2.999491144917417751e-01
7.391269140369216561e-02
1.729121957135640875e-01
-1.313870411842224806e-01
-3.797646560383313025e-02
1.550031713390383481e-01
-3.464756485459061230e-01
7.397765435988974680e-02
2.577204103447655048e-01
-1.090503263132625161e-01
1.825005084255969523e-01
1.319901324012747595e-02
-1.001584658332965033e-01
8.907946115820662703e-02
1.881969961441685713e-01
-6.837966451276770302e-03
-4.743972453488969412e-03
4.452855903185493763e-02
2.779127630003753735e-01
2.962603610124458359e-02
-5.698158703160660643e-02
6.028008120489996430e-02
1.531545548130002106e-02
-8.421296174630697740e-02
-4.193676538571069340e-02
-2.002565539098010994e-01
-1.180797141683085499e-01
2.834821430885014482e-01
2.193367540908096047e-01
2.439696118360175359e-01
1.580376389197883924e-01
1.179938847694618348e-01
-4.220908657914447526e-03
6.316235083823179552e-02
4.412325495101608597e-02
2.860211456899341975e-01
3.009575663994207839e-01
9.639854797560659661e-02
4.963288041802023376e-02
-2.027828158640612721e-01
-4.320427501826124006e-02
1.426884430704919438e-01
1.283882300073261873e-01
2.524987801505068075e-01
1.427948991954958724e-01
-1.579866872058231786e-02
8.938067675657239419e-02
2.766799425506440979e-01
-1.225488961865318222e-01
4.872782306327148177e-02
-8.168980734663949805e-02
1.650569010697927053e-01
-6.245595235826590513e-02
2.564107908852995554e-01
1.392172885397982840e-01
-8.015016103226371702e-02
1.608657660073497531e-01
2.224523123403691904e-01
-5.697099896442553435e-02
1.703038533776111236e-03
3.444964933571394161e-02
-4.057163761909698962e-02
1.046488467796180544e-01
9.446213942095073313e-02
-2.697954839746007916e-01
8.703385316899360513e-02
2.604205623971475592e-01
1.470213274677820703e-01
2.607353333490661229e-01
1.981628445432661312e-01
2.977660575215440586e-01
-1.204178064081734695e-01
6.623293048566455954e-02
1.009303824932413357e-01
1.905378393091808897e-01
-5.965888292273457960e-02
1.760853438468807097e-01
2.627224578579019365e-01
