5.757936507948816507e-01
5.545045042944704572e-02
5.451664774499678234e-01
1.175299162578681139e-01
4.167324360761061053e-01
1.725978117796991840e-01
8.304198081619186267e-01
8.998442586696320244e-02
3.504729496545544443e-01
3.065312152235556975e-01
2.109117560148183468e-01
5.466869727982546223e-01
1.507722004860707898e-01
4.754663476140996159e-01
5.600403211186469887e-01
1.666315091503209889e-01
3.545121819974139110e-01
3.370997585549542069e-02
3.533515812124135014e-01
1.764956128612005515e-01
7.250806531693049228e-01
5.653596887896920054e-01
4.893172739094048262e-01
1.286584830824861470e-01
4.523876706850074036e-01
2.256601302934040099e-01
5.429705497803307690e-01
1.984833704705222246e-01
1.073014160181313403e-01
2.388633287089427515e-01
3.375774127458827101e-01
-2.191692965377305818e-02
7.142175386839801909e-01
-4.733817352651593230e-02
5.065427100183226283e-01
4.806623722602479387e-01
6.935835878912301189e-02
8.382086174420692037e-01
4.348111146759617851e-01
-1.055533008538811351e-01
6.346119384338004543e-02
2.264327265512777465e-01
3.551886695523108761e-01
9.412504130530260915e-02
2.549226273167580145e-02
4.326615001323989573e-01
3.063055262571812709e-01
2.942388850891044516e-01
8.632412605333648903e-02
1.236532510781225558e-01
-2.335915634419091433e-02
6.561380328576361665e-01
3.639382079327212471e-01
2.576252828521432559e-01
8.289641331471245267e-02
-8.209778304060640075e-02
1.920715840151674958e-01
3.063018854778220001e-01
1.826387245373949364e-01
6.039917237498502178e-01
6.736353987121926901e-01
2.571171825246342246e-01
-5.748619677643091591e-02
1.995935643451370867e-01
2.917031679176547154e-01
1.234461244540496494e-01
3.774403296473328173e-01
1.168840266426442731e-01
6.043727131650074996e-02
3.570764951925817776e-01
2.252359307552575518e-01
5.566324232718452558e-01
1.127427421289540904e-01
4.561628932785561918e-01
2.425194628945432918e-01
5.401849078584087388e-02
2.690457949359125189e-01
5.828649809667825199e-01
7.947694005366065517e-02
2.865124370636482620e-01
6.090301863194205190e-01
2.622770792171960075e-01
4.681480686731033236e-01
1.963037531355023846e-01
1.846906258212879515e-01
4.117774683786711853e-01
3.734741885816173501e-01
3.671537285868862188e-01
8.265917586407263429e-02
2.698354293927273662e-01
6.907436703971944203e-01
1.302190223586578433e-01
7.752382588410062780e-01
4.244989186336591280e-01
6.990291309906676576e-01
3.136295063418081397e-01
2.484885166162753012e-01
9.701160431662865513e-02
5.310869385062657599e-01
-2.071377884758952570e-01
2.010263077437255963e-01
3.724539670977359829e-01
