6.209771698748657587e-02
3.356968937503536088e-01
8.543058541988418630e-02
3.501787353946886894e-01
4.587745990721294187e-01
1.022701712200977109e-01
1.303623820566199298e-01
1.418969897787966672e-02
6.197388239990866410e-01
2.422217209501177082e-01
1.666807542883493032e-02
2.308134453951228293e-01
2.256397121028765329e-01
3.698137034696227787e-01
2.465241092673507439e-01
1.857180965112265741e-02
2.145922371543309837e-01
4.601209557972402164e-01
5.242041711367718682e-01
3.003504987048538077e-01
1.131029840103987133e-01
5.563175209690133238e-01
2.009875442694420422e-01
4.075745162695469659e-02
2.903751098588607804e-01
2.497081108657541459e-01
2.422880290192905572e-01
3.615565547830819626e-01
1.703424338866325882e-01
1.933269603287252891e-01
1.643283008469461903e-01
2.466642829732046405e-01
6.306619353560531660e-02
1.950671860649308142e-01
1.499436187674008103e-01
5.036403838050542703e-01
1.900850456495575824e-01
8.610375534883561721e-02
2.641707884811005935e-01
8.078604902333565152e-02
5.981360180589330444e-02
1.798177720084641051e-01
1.870071970199289613e-01
1.805558219026932171e-02
3.761687959568182360e-01
4.569569598423873780e-01
5.216941787994627822e-01
3.178007686796966991e-01
6.928811903050868803e-02
3.179722087851958867e-01
1.566613767989964989e-01
2.696416832519750173e-01
5.008650091057216258e-01
2.168828907303681774e-01
1.986266061505015668e-01
3.149695979058385609e-01
1.236226802492440685e-01
4.400341491398147564e-01
1.130784772414733519e-01
2.543796773906690234e-01
2.433772974470224948e-01
2.455369217179391439e-01
-5.794781259302498461e-03
1.949182075991501284e-01
3.801322385179067287e-01
1.469667860707981333e-01
4.898935019131350765e-01
2.393995560819385804e-01
1.009033885912620360e-01
3.777261191112689653e-01
2.520563702006311524e-01
4.180317796556569099e-01
2.636584458712868950e-01
2.216153613657849686e-01
4.003562409633600883e-01
2.952002786162311598e-01
5.658084730770245319e-01
2.453933199235962537e-01
3.500439478657485504e-01
2.523852304853850259e-01
1.667921248697365744e-01
3.339582265516947701e-01
4.579730322146196020e-01
2.858241499070231506e-01
1.606545315701250198e-01
-8.058723641636646173e-02
4.269032318217094168e-01
2.556168235994212279e-01
2.286184951048715330e-01
2.579835727605365725e-01
1.073227550597750518e-01
1.482258758930496412e-01
1.516786811271319535e-01
2.514736593500619399e-01
1.974023155121845674e-01
2.638587992402655624e-01
3.848838667029996774e-01
2.037486974740715107e-01
1.680599993137799064e-01
1.704314281759252425e-01
1.487363501526411669e-01
1.828516784317199828e-01
