-1.709919020544318699e-02
9.576448100287743292e-02
1.852298163071556050e-02
2.246070032233147273e-01
1.593741960881813191e-01
-2.696108035412715931e-01
6.072513420595736233e-02
7.351230022143200038e-02
-5.291582266537087770e-02
-2.311551934082339832e-01
-1.200253408484730361e-01
-2.770686478118918328e-01
-2.000224152119566001e-01
-4.161126164259075222e-01
-2.222071617738432259e-01
-1.195477417025435085e-01
-3.240398929508642722e-01
-3.471497845050245945e-01
2.807875983295303191e-01
-1.392441843418317227e-01
-1.362282979934398564e-01
1.308141673623783030e-01
3.272847659444605428e-02
6.632252534568060243e-02
9.284118534396701428e-02
-1.274644014386133450e-01
-1.128895715358250590e-01
-7.425560823994115101e-02
-1.810190086795950004e-01
-1.326708133820226621e-01
-1.574333478720019996e-01
-1.242589224845332130e-01
1.586147577173036560e-01
-9.190990466662137329e-03
1.099141947157584176e-01
-2.230640752243824299e-01
1.275040122856937186e-01
-7.048858093415440174e-02
-2.344519884468970194e-01
-4.755596237329464127e-01
-7.546556196097811697e-02
-4.861928716352595381e-01
-2.083994385020957948e-02
2.354610732354054659e-01
-1.127253638890174936e-01
-3.330994274502764863e-01
-3.234490196930105976e-01
-1.741015783250598470e-01
-1.376604977672530802e-02
-1.435932180889602228e-01
1.880885493676821840e-01
-2.044686938738021764e-01
-2.161623651058012796e-01
3.932102548457668822e-01
5.253804401963059478e-02
-1.778954752909516629e-02
2.727007192087334553e-01
2.688368494442237577e-01
-1.582653338256756470e-01
-3.859608109044167512e-01
1.684032492269131043e-01
-1.320915917622586810e-01
-7.072935628365810412e-02
8.473657952474238086e-02
-2.137465092057931892e-01
-2.234096647583902473e-01
-2.900501434214610708e-01
1.997688433008829034e-01
3.400215535862281535e-01
-3.286266990115246367e-01
-2.237479442308920041e-01
-9.839749414318924026e-02
