-6.697147513069907909e-02
8.715149544619702482e-01
1.395631392468161536e-01
6.241355811415080085e-02
-8.670772647209155082e-01
-8.531252955635793001e-01
-4.738089113423746279e-02
-8.580333137816836819e-01
-8.960372107066581771e-02
8.400763141673804890e-01
-8.615372844518038864e-01
2.071649011531652082e-02
-4.165781533590833668e-02
-2.874752468610384804e-01
-8.815965135544489018e-01
1.007242022452409409e-02
8.089888411882870112e-02
-8.836870296916794487e-01
8.295872153375032365e-01
3.446966696283547404e-02
9.010353711089974516e-01
8.597146648910636291e-01
8.392053347743030356e-01
-3.436069830688551902e-02
-8.432985654342074477e-01
-9.029785224661607268e-01
-8.621293562229788154e-01
-3.271319609518377053e-02
8.281691502310970510e-01
-9.014238626851571734e-01
8.341408147578230903e-01
8.931682293740688117e-01
8.793503455667667223e-01
-8.668240562279848627e-01
-4.984252370337588500e-02
1.345807760315846924e-01
-8.635086586051347046e-01
-8.751541694148874395e-01
9.096473040238682861e-01
9.077845364228404046e-01
9.581725328956529342e-02
5.341565226537101085e-02
-2.994715422958183978e-02
8.844429385120481379e-01
-5.906436983953371189e-02
-8.869567965515053054e-02
8.666436876532074285e-01
4.608623050152892142e-02
