-2.208139024290151076e-02
1.060007611813578610e+00
2.530684520096730065e-03
-1.541690180081500133e-02
9.893376304428064261e-01
1.037190061234045002e+00
-7.990573303380582582e-02
1.037061465144596850e+00
-2.795424717307906648e-02
1.033667795897182051e+00
9.718485253965956083e-01
-4.544292796788496069e-02
1.060757717460271941e-02
-2.736778713708460861e-02
1.042306720604305514e+00
-8.860823988789048866e-02
-2.023114775135900767e-01
1.003535953058539265e+00
9.514091464913185803e-01
-3.363353091162996772e-02
1.002288245698634839e+00
1.024134354672626257e+00
1.025182271480338470e+00
-5.252997819980567001e-02
9.934060395422363854e-01
9.975528114549114811e-01
1.013128400718156685e+00
3.744153405737919021e-02
9.901486086612522053e-01
1.079573756038645360e+00
1.031076070114971266e+00
1.060802848698189527e+00
9.960768624068004895e-01
1.048380541916172248e+00
-4.291949009965728701e-02
2.529381901366017232e-02
1.041844665397377190e+00
1.011173585187205015e+00
1.008899392287309738e+00
9.916314311152575334e-01
-6.917601814435830887e-02
-4.587871913903195098e-02
-8.885325636805840865e-02
9.134690651915868820e-01
-1.266384566932011735e-01
-1.727901805856777925e-02
1.086376908975563049e+00
-7.496011468634511399e-02
