1.024838245736310605e-02
1.075862694110617523e+00
9.821109238096330241e-02
1.638458530190253434e-02
9.918191999999831365e-01
1.077888306049931355e+00
5.901365581771337437e-02
1.047556764660127815e+00
8.028676933615007394e-02
1.009261095909199879e+00
1.062156372939496718e+00
1.935656577056261290e-02
1.117879674000571560e-01
1.430446423387258248e-01
1.049083697118817327e+00
-1.167095049200139387e-02
-5.346704036625304912e-02
1.028512650819050744e+00
1.047333495196282271e+00
1.551029159583186892e-02
1.043586460374089198e+00
1.066402700842663975e+00
1.042071066553860836e+00
-9.628645408973219785e-03
9.731566810139301582e-01
1.031577055387054909e+00
1.021254000355131142e+00
4.632284721645509723e-02
9.809881915291644994e-01
1.106452055600212425e+00
1.031415051350546008e+00
1.063813062369094675e+00
1.022488328680296599e+00
1.061849771233348338e+00
5.729308235119014853e-02
5.287947705169591950e-02
1.053854034742408574e+00
1.034937070734142317e+00
1.069893983510642688e+00
1.041203629958828758e+00
-6.947581914963216719e-03
-1.532149255826741096e-03
1.332013419156902363e-02
1.038140494410036307e+00
1.308249231465225260e-01
2.054658608238345220e-04
1.063430047458282068e+00
5.443513477309041768e-04
