6.166598811005431086e-02
-1.041997217614722748e+00
8.434965993683858632e-02
6.062658819794213699e-02
-1.144029585730500287e+00
-8.618692799917235803e-01
6.584714678632620777e-02
-1.022079822081928269e+00
1.515580404218168920e-01
-1.055405690136507202e+00
-1.038097065596908397e+00
-3.397801696539107241e-02
2.262637322508836979e-01
3.289002735803930443e-03
-1.059884406317167294e+00
-3.298953532197151234e-02
2.025901071818755894e-02
-1.095031224531981762e+00
-9.841619370308595238e-01
2.498604278275474294e-02
-1.045724999873473005e+00
-1.023564117952989072e+00
-1.027633902429817114e+00
5.180379974378918062e-02
-1.100422325815215929e+00
-1.079887452509132428e+00
-1.084462729749523735e+00
1.244183763257445396e-01
-1.133199764315667935e+00
-1.029930034647073889e+00
-1.066438955492216678e+00
-1.085474285968829555e+00
-1.109676324556693627e+00
-1.037719341049071264e+00
1.814295936820726762e-01
5.613558316138946708e-02
-8.490323435155443521e-01
-1.082915631043014804e+00
-1.074461804176835678e+00
-1.086836157120953716e+00
3.036100293804858130e-02
-1.768963346130042122e-02
5.379890748406641193e-02
-7.598820045532259648e-01
5.926348503207275187e-02
1.125025834640564285e-02
-1.042906545552685804e+00
-2.185404042046510537e-02
