3.017254691134745870e-01
1.426737688229027023e+00
-8.489911813301209698e-01
-2.072694293431156076e+00
-1.828146301033114485e+00
-4.457101477544324064e-01
-3.523783731885811454e-02
-7.841536087874648731e-01
-3.869430349707121408e-01
-2.094875402318567836e+00
-3.514376440483402697e-01
-8.205805126238823188e-01
-9.889166021334012679e-01
-4.759671188205077397e-01
-9.467397209632385513e-01
-5.807543801636355640e-01
-1.344296745577413743e+00
-6.671273239896885476e-01
-1.022171374825028956e+00
-1.229423571359809175e+00
-9.391706447534360347e-01
-2.008107923447451926e-01
-1.643571749357547684e+00
-1.819600629036652428e+00
-7.031116778137831425e-01
-7.277616664760742093e-01
-5.047999671758864881e-01
-5.951405257606422472e-01
-1.370707976495039837e+00
-1.906228462898568177e+00
-7.751060933353477456e-01
-3.022901273947886658e-01
-6.128478796823981778e-01
-5.218006199801376033e-01
-1.100328951790364496e+00
-7.360178280297782205e-01
-2.012766502432152826e+00
-1.133894292134037363e+00
-2.107320446610561060e+00
5.288556333106655405e-01
-3.052111236582982223e-01
-9.619234475510501925e-02
7.754100554068610318e-02
8.455822624627139517e-01
-9.643942222958259980e-02
-2.959617561655789042e-01
4.750195244500320380e-01
4.646627919113152649e-01
-1.471682560577334042e+00
-5.512438032085926753e-01
2.642805579476295574e-01
-2.977015534437303657e-02
5.347675440875818698e-01
6.481925368948833199e-01
-2.364305375042151103e-01
-1.431300040363803650e+00
4.941606783972525840e-01
5.416566512177154458e-01
5.965830872434269017e-01
2.026207028613603578e-01
-5.175294037275386394e-01
-6.377818625683435994e-02
-1.379753073876922587e+00
-9.236088508928284868e-02
-1.028382742440054454e+00
