1.489591069266269496e-01
2.199919894661548844e-02
9.651938237478721594e-02
1.461288375924686966e-01
-5.328894868478719488e-02
-8.253601193624854337e-02
6.908229252110961727e-02
2.082876782116135084e-01
-1.218019133961356082e-01
1.769441888771218149e-02
3.971276964421155409e-02
5.334436429483387088e-02
4.930678262897073005e-03
5.519594101217557836e-02
-3.977306924545383204e-02
-5.641308753411482940e-02
-5.851722861517712204e-02
1.305512684377448801e-03
-1.764798906931247524e-01
8.873854733044122395e-03
6.097425714841561706e-02
-5.736595666056224646e-02
1.111906592940769545e-01
1.008627309557193069e-01
1.767465291893375867e-01
-6.619792138564253858e-02
-7.037430709527385531e-03
-2.458263035701555577e-01
-8.266554098659137373e-02
-1.372116592063108431e-01
-6.989953269694777760e-02
-1.708568586513788123e-01
5.580119466821945734e-02
1.165338611460856322e-01
2.525707093594167091e-02
-9.056941065830970139e-02
7.520936432053285103e-02
-1.344406195512223845e-02
-7.451402071878074351e-02
7.107262757772438155e-02
1.635190486452243186e-01
-5.586856074114863319e-02
-6.872623105215860950e-02
-1.950509139174940176e-01
3.793357638233161439e-03
-2.165294894133940745e-02
-8.318075589425719119e-02
-2.613266436520553931e-02
1.602132550958988710e-02
-7.604949909370981032e-02
5.898383551697645999e-02
-7.948760272134114402e-02
-1.196072301339290433e-01
3.835697613175849396e-02
-1.085478234412785015e-01
4.534443074922378525e-02
5.862083444466391347e-02
1.208554521190333964e-01
5.887112436594411913e-02
-8.106329341393363197e-02
2.142210667417333847e-02
4.971622743570981717e-02
-4.747419592361409174e-02
-1.394921122220976750e-01
-5.613144705101666410e-02
-1.366776295187389634e-01
-1.421373938856136387e-01
-1.874108092752073060e-02
-8.812413833999868662e-02
-2.348322505889237632e-01
8.128466030900943773e-02
-9.308266035927918736e-02
7.214924180632815293e-03
-1.262499161896399047e-01
-1.198644992200827708e-01
-3.864265741654142328e-02
3.275582332173394839e-02
-1.596635300907557342e-01
-5.795523604068140988e-02
-8.781387795156958553e-02
2.417823191451856299e-02
8.177209103181543037e-02
3.439505287559228852e-02
3.863831469399983676e-02
-1.549156955309398120e-01
-9.612486804265243934e-02
1.528745465511623658e-01
-2.233869202897185435e-01
-1.661868753440803037e-01
-3.912087637646662758e-03
-6.372057682663473388e-02
-6.272849465284940917e-02
-3.699960323054299338e-02
-1.559425585518274815e-01
-6.916276388678747888e-03
-3.928792410425838155e-02
-1.020322100053178971e-01
