-4.770586478519647788e-02
-1.111594375039360316e-01
-6.512089375216099929e-02
1.177754915620796497e-02
-5.514165832882719775e-02
-4.662370804555716203e-02
-1.492136127309107337e-02
-1.534500480947696699e-01
-3.002488734280325811e-02
-7.937718628315666713e-02
1.868679983697530203e-02
7.559940360082526532e-03
-2.022059693185899662e-02
2.300597978930175175e-02
5.023281580172248018e-02
-2.102069857546600556e-02
7.954413697895885635e-03
2.864869666083379521e-02
-5.682715459656520474e-02
3.839351158389170404e-01
-6.744276743034860466e-02
-5.828123215797683526e-02
3.718671807635173798e-02
-8.814954768788192674e-02
-7.654640291633461879e-02
-2.954846485417597299e-02
-8.683593931666454269e-02
4.563560869882772597e-02
1.626784438697480850e-01
3.063652508865673599e-02
-7.837215501903585513e-02
1.774430500247179895e-02
3.665835753974360789e-01
7.251793844003838474e-02
-1.867744463307441094e-01
-5.862163058787701192e-02
-5.300497956994811022e-02
1.184186572588956932e-01
6.085018805954871268e-02
-1.163147942166725263e-01
1.297241146445739512e-01
-3.227589728753883780e-02
-5.717689599831592834e-02
-3.172726251920494900e-02
-3.208086424974153361e-02
-2.442892989123987210e-02
4.348606734910766547e-01
-1.126869592590511726e-01
-5.845224032713022821e-02
6.586579991722435468e-02
-7.871623300913654919e-02
1.281840333558197575e-03
-2.370063733051865906e-01
-2.707111718685441537e-01
2.685003044068311889e-02
-1.991760709536236074e-01
-2.833598205727612118e-01
-3.328362731390608308e-03
1.128142181718439219e-01
-1.571658647179616924e-02
3.453558625687329353e-02
-7.530131355039218488e-02
2.948205075748587534e-02
1.042071659458048832e-01
-3.086936833666135138e-01
3.303888246006375651e-02
4.427602682870448447e-01
4.309040122811181317e-01
6.731434668610555838e-02
-4.672825629592300412e-01
-4.758554034041740689e-03
1.686541974206841044e-01
-2.948035011822124074e-02
-1.735632773911177998e-02
-4.677186892541516927e-02
2.728926346721028962e-01
2.766327859771546341e-02
3.164821409572043248e-02
-2.539719261017096483e-02
5.014101362681389062e-02
-1.047848639262101422e-01
2.308232927872547538e-02
-1.386842927087135469e-01
-1.251510648431205519e-01
1.050633149868193394e-01
1.953742110438518031e-01
1.207782363543875859e-01
3.212157759228184140e-01
-1.598994938306384228e-01
-1.092406930577580898e-01
5.684215053947338364e-02
-4.088118400274876052e-02
6.982820145261507683e-02
-2.382987667673803437e-04
8.687722809078367303e-02
3.507946639567676717e-01
2.123444924135434522e-02
1.059384367512706399e-02
5.965601582941300329e-02
6.204082589567313025e-04
5.016566475459126317e-02
-3.525909068362306775e-02
