-2.759029977767500294e-02
6.580961885847023962e-02
1.614856743075100409e-01
4.712647158911986017e-02
1.527943059724212911e-02
2.407563074758135580e-01
-1.791553727153014086e-01
-8.012875710375291782e-02
2.440760439409028482e-01
-4.384525898300630636e-02
1.014707827429820464e-01
-1.211655515816875556e-01
1.459139686037851380e-01
-1.351637318802302590e-01
1.175703440195360189e-01
5.042485900458890113e-02
5.047037892345188764e-02
5.027014101013523723e-02
-1.410557896386247789e-01
2.725454781017585537e-01
-2.988793436659195266e-02
-1.166545984704222064e-02
-9.138031631798605725e-02
1.687355016008108277e-01
1.174701136559036380e-01
2.044024852728311692e-01
1.722394705208635246e-01
-4.635078029619936479e-02
1.263771923543868525e-01
1.915501471780091391e-01
1.373088280410642015e-01
-1.776120149790741745e-02
2.269416930853172254e-01
4.577746095423783357e-02
1.044167821913462579e-01
1.806524319125326142e-02
2.002325182972488626e-01
-2.250162571549020347e-03
1.224544579666342059e-01
-6.051276037208282166e-02
1.460202381239469605e-01
1.874977133972296206e-01
1.024818885897912143e-03
-1.587048772155087370e-02
2.191619704731581630e-02
2.282633546508427702e-01
2.063550653926483902e-01
1.353216959882635739e-01
-1.036222429527685895e-01
-5.264857172364435789e-02
1.599927588525520972e-01
1.728589715417502837e-01
2.226347850031054620e-01
1.238980398217614382e-01
-1.596400046478279322e-01
2.362755704426905690e-01
2.174769620899224265e-01
3.642591924815657793e-03
2.326137041535975558e-01
-2.123771695638155266e-01
1.493518705285930281e-01
-6.144509490873122787e-02
6.893200084886014212e-02
2.472692762135195454e-01
2.327999139992729394e-01
1.656666930734674859e-01
3.145335571382935624e-01
3.366174605263517750e-01
-2.079646334577312239e-01
1.982055289866970216e-01
-1.857441306798723879e-01
1.228462262824110973e-01
1.291925709933819388e-01
-4.883668328502165090e-02
-1.419753667524227374e-02
2.289176669983501999e-01
5.656586441285753331e-02
-3.320108023002955877e-02
-2.700486650961911664e-02
1.500518004984108256e-01
1.930590483531958446e-01
1.399672519760104261e-01
1.556372235639317536e-01
1.907483956717804796e-01
3.649807226403502941e-02
1.794341077996211842e-01
5.823856179857782311e-02
1.525480884978796803e-01
1.212100237542972359e-01
-4.515990903330631412e-02
3.112406046179718166e-01
-1.560521149430504351e-01
1.750251100817114269e-01
-1.668828409263695967e-01
2.073220267048322962e-01
1.481821561990604441e-01
-1.316069440445700534e-03
-1.780269776064240805e-01
1.782691770119541885e-01
-4.107346148859134655e-02
-6.956101807122798408e-02
-6.692336969466841645e-02
