2.537609580486716032e-01
1.008133449664128933e-01
1.625169225208798196e-01
2.546522646360349085e-01
1.201068342779032655e-01
2.652192331054714636e-01
3.779984172486576255e-01
3.885708873449811862e-01
3.399279289588779673e-01
1.194709926071959999e-01
1.079437078471192218e-01
2.722196712008905228e-01
3.968843605985137302e-01
2.457568718554864196e-01
2.483006180829070431e-01
2.212266604526934854e-01
1.093884943348610861e-01
2.556511544419752258e-01
1.882932399307248317e-01
7.625056171761219748e-01
2.487869496459686747e-01
3.764156987397884735e-01
3.146148116024112262e-01
1.330992588650273534e-01
2.892821784215707237e-01
2.315361013018001901e-01
1.459557110748156972e-01
1.078246931320000490e-01
5.894968191364358123e-01
5.340193580331517031e-01
5.184439281455501813e-01
2.130581302037458657e-01
6.499025030233953615e-01
1.223592587980513735e-01
2.066871224163071841e-01
1.590635272709509940e-01
2.777140208923862263e-01
4.312288673915170428e-02
3.299036984013259399e-02
4.408570792873086064e-01
4.329314278446727560e-01
3.562546442927794765e-01
4.284087521039792734e-01
2.971842151854969805e-01
2.776979583886204916e-01
3.251201041319454199e-01
5.761719066184114446e-01
9.669651955448098357e-02
7.454471486235822453e-02
9.683621912617737526e-02
5.523116436178829858e-01
3.529585697405162037e-01
2.658697629732555967e-01
5.188966847979564756e-01
2.017361204775890426e-01
5.923538267955825720e-01
4.843564360413923908e-01
1.405856671573157135e-01
6.575062305055098255e-01
1.781681753540836077e-01
4.230641903487037392e-01
2.659449361937774592e-01
2.325591676458497181e-01
4.695884521766277020e-01
8.119557623859200435e-01
4.450958048893788876e-01
4.176058523333105454e-01
5.769578064501146297e-01
2.266427382849737771e-01
1.560745319991158619e-01
1.004149838849024423e-01
1.886116705045339514e-01
6.765676084902375598e-01
3.858235665531837832e-01
2.233262990036413431e-01
5.363801046459000244e-01
6.092415506362283129e-01
2.764262574337945644e-01
6.797030471406939611e-02
1.585126657931321473e-02
3.911931567359456241e-01
1.696377490327322379e-01
2.844268128663376416e-01
2.848696762456329745e-01
2.197606802819436489e-01
4.427467123491403700e-01
2.767847765526149084e-01
6.143338434588504482e-01
3.220143874515249971e-01
2.133846074117415614e-01
5.603197797301721073e-01
2.120814209991148114e-01
1.176480591745042714e-01
2.348218037122923318e-01
5.675618306454688344e-01
3.057534153028365620e-01
2.785335208754271541e-01
2.325486615232385257e-01
1.378705014471373058e-01
2.839063438776128212e-01
2.308580932686887105e-02
8.328093220613343173e-02
