2.553253884664432038e-01
2.624877216766477450e-01
3.813530430663867321e-01
3.949794441908329734e-01
2.987035324930780167e-01
1.348694312329511147e-01
5.928359089002386284e-01
3.609786411000736606e-01
2.898328144239937787e-01
2.742695287855781983e-01
2.621691573248453588e-01
3.947114760314126558e-01
3.103314393307400887e-01
4.178208760030454605e-01
2.429438472818108430e-01
3.445233416574807750e-01
2.878043077722836629e-01
2.954790067171618184e-01
1.289435222138493042e-01
1.105320041946722259e-01
3.725999099814057969e-01
2.616171414514561477e-01
3.936064462954402821e-01
2.073599076921092410e-01
2.874175670851534248e-01
2.696362611023593869e-01
2.437206298075570987e-01
1.195045334087954658e-01
2.223498490217148404e-01
2.246584948671441762e-01
4.302830194036776912e-01
3.110347268564836454e-01
8.630972145209500623e-02
5.392966493146453821e-01
3.352154792776647074e-01
2.949764886259339525e-01
1.739550848471456690e-01
1.980443779436667773e-01
2.455447251879595838e-01
5.520037284991609061e-01
2.190808911472457432e-01
1.449671199203567407e-01
5.150919137654969004e-01
2.698706667161073214e-01
5.615796733323337175e-01
2.666720964497411028e-01
4.410606548345375605e-02
1.041780768943510321e-01
7.111557322196065956e-02
2.088929321709523668e-01
3.737249513592840189e-01
2.674016403482218918e-01
1.932447187841201952e-01
1.878950437004458240e-01
2.161346708325627974e-01
1.486760282372357467e-01
2.969219483903717260e-01
3.204200871545443974e-01
1.608166195176362612e-01
3.519964878442433664e-01
3.100285840835290685e-01
3.886748122422841178e-01
2.993298683362465296e-01
2.340080508251875246e-01
1.256337254318915797e-01
2.177750195412236911e-01
1.297457602177118641e-01
1.310021212924567524e-01
1.730060454258318392e-01
1.005260010977868795e-01
5.033909560744501688e-01
2.571384364234171604e-01
1.964153565690552328e-01
2.462846785927491622e-01
2.844368976060869803e-01
1.688174374255180243e-01
3.597117480271983525e-01
4.080291067729072130e-01
2.696877014118999050e-01
1.420556811634136885e-01
3.118842819063391558e-01
8.603935127696668572e-02
3.212359859039792820e-01
3.186164717317709894e-01
5.425735433721304846e-01
3.248842363562249314e-01
2.131767198856009127e-01
2.088347481441377440e-01
1.553938150029620657e-01
3.818753812338306908e-01
2.667185642080726060e-01
7.194789776344732990e-02
2.704481137573774285e-01
2.940658705914356852e-01
1.792702223292331476e-01
1.596207185973177733e-01
3.380624845904374731e-01
1.350628497223265723e-01
3.839301003757018549e-01
2.041996649807047703e-01
1.689127053783609500e-01
3.728191381234039481e-01
