3.112053143154621115e-01
2.827296944594576145e-01
-1.978309768669557489e-01
-5.839511862141905096e-02
7.935870556664392783e-01
-2.353371712471203150e-02
2.220333493103885392e-01
-2.408045920299026199e-02
7.335667355753331884e-03
-8.205284367971674153e-02
-2.032646032992138363e-01
-4.616013318103091567e-01
-4.105885829976841928e-01
-4.606094418356052600e-01
-2.819101011828909487e-01
-1.603560458016678458e-01
-3.286275206155045980e-01
-4.589962572642291572e-01
-2.857607551792865075e-01
-3.627246413196973801e-02
9.598113949640404638e-03
-1.064190205615333507e-01
-3.002125594276771614e-01
-2.166160945143099648e-01
-2.266676926245105583e-01
-3.068769334011468009e-01
1.239752978441979320e-01
1.019270604896822807e-01
5.144470737185728726e-02
-9.424426756894253854e-02
1.063198137555398937e-01
-1.741093497472130935e-01
-4.099745448165766915e-01
-2.149816930077132482e-01
-2.520062603272509860e-01
-3.326133198010083891e-01
-1.710209436553384588e-01
-3.705745494195981093e-01
-1.899434004803996767e-01
-3.010222656628456783e-01
-1.732394130752159256e-01
-2.739852842621458562e-01
-2.238845022059157142e-01
3.165837474119016087e-02
7.079204760729469748e-02
1.358008907456961512e-01
3.750612285429029136e-01
2.216057723386559708e-01
-1.643279239936166203e-01
-1.472954709725932676e-01
2.400920007858059479e-02
-2.256280809239035595e-02
-2.838042668160872251e-01
1.017070410706188421e-01
-1.033659971946483541e-01
3.167935664572386067e-01
-2.190071866443566717e-01
1.073521515557145228e-01
1.167904107997918828e-01
-5.214429387300837382e-01
1.039010047502519213e-01
2.342272309387330442e-01
1.333489370676444741e-01
2.758720336370095727e-01
-5.771519165480999414e-01
-2.476020036379121825e-01
-7.954879712274229298e-02
1.237381393071006058e-01
-1.913144141285474387e-01
-5.022274908510231395e-01
-4.756914941691078313e-01
-6.581531319863197504e-01
