-1.240030837864066343e-01
9.495356744210500799e-02
3.674326056195958978e-01
1.871729315690502660e-01
6.454707812556030599e-02
1.018274042195355528e-01
-3.090287876229698416e-02
7.181507016502379492e-03
-2.094245599721801521e-01
-6.965677636214956392e-02
-3.113980139667353250e-02
-3.826065103143009433e-02
-2.101196700156984232e-01
-3.184689898009534018e-03
-1.371923581966672835e-02
-2.766784181415047478e-02
-1.327793721689057849e-01
9.538878237313200281e-02
8.038301678277727513e-02
2.655672265753957623e-02
-2.390410349159069470e-02
4.809583488238806104e-01
-4.446284163619221931e-05
-3.251716495451920652e-01
4.791601267368799516e-02
1.207864576298166986e-01
-8.542258694499260674e-03
1.271585971563440887e-02
8.407333616110400365e-02
-5.296019390708359142e-02
2.163040493509841428e-02
-1.869354999293257324e-02
-5.743210057328908269e-02
-8.754252014364810900e-04
-5.035781925310837959e-02
1.660846632057775413e-02
-5.757941643230461704e-02
1.156966518235155589e-01
-1.256852605408260992e-01
-2.159644525518790437e-02
-9.027999448140301697e-02
-1.884823458974208554e-01
-4.349432085320939501e-02
1.248503191270621954e-01
-5.610547964142589134e-02
-3.535102025824341659e-02
-5.001449444956815316e-02
4.695698620628187964e-02
-1.851417139042885532e-02
1.051885287797905098e-03
-7.063042491207724427e-02
1.720678359442889549e-01
2.935619791339532658e-01
-1.957781254203616594e-01
6.056094029259478234e-02
-6.929387763794774002e-02
3.295209328697149553e-01
1.068239399842178805e-01
3.691822694093902651e-02
-6.817548263265702305e-04
-6.021392723545632847e-02
-4.600084136120938250e-02
-4.665840850535570017e-02
3.771631614854691755e-02
-4.528191386940956520e-02
-1.418738417610617419e-01
2.268967121879359589e-02
-5.530404980894664674e-02
-1.682611800681289588e-03
2.192222642399088706e-02
4.730283054039809143e-02
1.346250070915752939e-01
-2.652793214724148002e-02
1.392701851679915837e-01
2.574093924509752301e-02
1.029206123488548008e-01
-3.115131933695021171e-01
-3.483439397220159522e-02
-4.282436389119253367e-02
1.189930046155505128e-01
1.304751714721886502e-01
1.827883838344727396e-01
-9.368042509310561816e-02
-5.139725417434458377e-02
5.971557209239404529e-02
1.269379782882339852e-02
-8.113615262498991010e-02
2.426983791806924806e-01
-1.780028865115650671e-01
-3.805733468476327208e-02
-3.886102954966091372e-01
2.748821744564584613e-01
2.368166427063400359e-01
1.587970355180666482e-01
8.584998211720519523e-02
-1.686392736072316392e-02
-2.065783021567913283e-02
-1.284747838724779878e-01
1.171421382957652246e-01
5.474281625614191293e-02
-1.172918463519004723e-01
-7.426728702953636074e-02
-2.776171379834079314e-02
3.397711502254182475e-02
-8.858154911925934794e-02
-1.501519680239581447e-02
2.115023936281257011e-01
1.045625706590217474e-01
-8.147075680131245223e-02
-1.248348317670936944e-02
1.147893127309233298e-02
-5.217026991508029454e-02
