5.658417388144995619e-02
-2.499837389049207048e-01
2.494928878863801602e-01
2.329500987986195815e-01
1.339112070104324925e-01
-8.810482136601646697e-02
3.155213192493529911e-02
-1.027411570071998376e-01
2.099965036377380023e-01
-1.801712355190016046e-01
7.529096771581780118e-03
6.320784132011328382e-02
7.330602424103652148e-02
2.372609813044959104e-01
-4.325320116579657592e-02
4.838211522728941283e-02
-3.680309335015359562e-02
1.213155096158092042e-02
2.583430070696626779e-01
-2.210830409080482006e-01
2.039507937206722354e-01
1.303436384429122741e-01
1.859809677255212235e-01
2.253432639047681929e-01
3.565142480252237595e-02
2.118006304402808571e-02
5.981546403589003275e-03
-4.843824707514046701e-02
1.477080220164242175e-01
2.743076157753903122e-01
-3.747644071947508343e-02
-2.302928890402420048e-01
1.431143548379645025e-01
1.144042703783863940e-01
2.245561055762735070e-01
-1.042303325019213467e-01
-1.053675159298883557e-02
1.854818200128621752e-01
5.847438768918020169e-02
-2.017893906107257329e-01
-5.606688808393891360e-02
1.878610510058042748e-01
-5.381775612707783568e-02
3.513478886712093768e-02
-5.247334941420984944e-02
1.512553593575476432e-02
-9.430190278957334415e-02
3.448391991551363334e-01
-6.259705244957766701e-02
-3.638814259269499730e-03
1.266712600180960879e-01
2.279167201198976644e-01
2.537878384355344852e-01
1.086315006669831967e-01
-4.573186363612394972e-02
2.042460976028894759e-01
1.381937740235731349e-01
-5.126800893236955342e-02
-5.954275239714142826e-02
-1.298842742717060961e-01
-1.709164794129561793e-01
-1.544382489494275368e-01
4.690378212883853509e-02
6.667322520615284742e-02
8.299385929494089431e-02
2.613040471422108449e-02
-8.306649057173505490e-02
4.700912580891797136e-03
-2.593498293802935090e-02
1.791100363575278548e-02
1.407791610043022390e-01
5.890119519857413971e-02
2.076763464397018283e-02
-2.993744271962028424e-03
-2.239294280096137263e-02
1.803900399225646933e-02
2.353307816016164400e-01
8.788908278600297830e-02
8.772513383397824438e-02
2.000160612143815630e-01
6.296699792789712570e-03
2.257960465284525042e-01
1.390368779774460717e-01
-4.091499999594717073e-03
-1.121424040839666403e-02
1.149954094716418851e-01
1.446110647542043215e-01
2.184067888962070436e-01
1.983783948391529828e-01
4.785953020477623499e-02
1.658149450391985247e-01
1.123184182789142560e-01
1.238914093339593125e-01
1.892854465638982298e-01
-3.807228549878000079e-02
-6.083896110036510901e-02
2.265046778331281652e-01
1.620189158685131081e-01
-2.177814520098154127e-01
-6.447507362827890887e-02
-6.092101616385526761e-03
-1.418360669719135603e-01
7.122119221924710919e-02
2.499267389688775709e-01
-7.209469118059234904e-02
8.282157610517695834e-02
2.326098384837827771e-01
-5.163131475397183048e-03
1.345280458484846842e-01
-1.292384282149985630e-01
1.555873033104330505e-01
-3.684746790212018591e-02
