1.223503991908059252e-01
2.304989324192884825e-01
4.662488902069558683e-01
4.138128281009308962e-01
2.424949660263807927e-01
1.646139885905419931e-01
5.653081538479259177e-02
1.069326564387849537e-01
2.602238867169767711e-01
3.136903137592848556e-01
6.632678682784841351e-02
1.640485540233197967e-02
3.782956410718763540e-01
3.185843811001521364e-01
1.357788872349325604e-01
7.185885589401767859e-02
2.472858020499497933e-01
4.682373728769706478e-02
2.807562070363445739e-01
2.135431870965333601e-01
2.068029964844594615e-01
5.866968264671634792e-01
6.641971635063480539e-01
2.886997989783345320e-01
6.190128683674137045e-02
3.647887013227605335e-01
1.579335727662251887e-01
2.488275521302152904e-01
3.668772191591004872e-01
2.171657616860428741e-01
1.873055146560026474e-01
2.081156201199280409e-01
2.272769687868627098e-01
2.217416352102425381e-01
2.446008046697175919e-01
6.291718359733143584e-02
2.143003141929245847e-01
8.942587212419461640e-02
3.911323663297531228e-01
1.866692048688084471e-01
1.904459616133560851e-01
1.189833658431477398e-01
2.171872296308467454e-01
1.962347175389993481e-01
-8.719461477507180203e-02
3.534566573713102122e-01
1.984251930385449725e-01
3.819011274919028587e-01
7.607094783214857214e-02
2.301291395639500081e-01
3.044411767847906014e-01
4.694483491248816476e-01
5.263944330820249373e-01
2.146589203968060078e-01
1.172820089288035966e-01
4.000950609645081424e-01
4.654820302965292922e-01
-1.305733391296937281e-02
2.883228847946218143e-01
1.948167257677340114e-01
2.257725133644973847e-01
-9.766646129821082711e-02
1.445613991163197387e-01
4.118250071321206129e-01
3.436092264448666889e-01
1.502178009509529955e-01
2.714150341853750065e-02
5.238868845139009744e-01
2.040866597837361351e-01
2.857799051077168917e-01
1.785652986695777100e-01
3.371887747830347726e-01
4.357651588823913680e-01
2.204603994931787492e-01
1.709347525327029882e-01
2.366606315672418193e-01
1.585234021055198228e-01
1.687527531941338255e-01
2.525236721008616292e-01
7.973391075436048192e-02
7.764456031649173695e-02
4.923680233420097418e-01
2.594775120140269675e-01
1.037619997929446480e-01
2.342335937308540339e-01
2.056937811074970590e-01
1.032143890043022288e-01
4.086145724490295450e-01
2.609490807766612908e-01
2.249667979916685490e-01
2.845876088243835533e-01
3.374050110621450438e-01
3.052795278377314903e-01
3.687154720586605094e-01
1.094227520577659013e-01
4.793941687170782256e-02
1.075753165852588455e-01
2.590340124388802456e-01
2.043058333832444284e-01
3.428038075992209666e-01
6.554728995189308682e-02
1.920070253129894933e-01
2.337487540737376024e-01
2.416017557103254942e-01
7.859911802654626078e-02
3.394268776099876317e-01
4.110447791214008051e-01
1.478079760940616272e-01
4.219479828154666934e-01
1.179192388753398241e-01
2.221442020821526031e-01
2.926140309410815155e-01
