1.383790566544151057e-01
3.854036849637262341e-01
1.759551377456546051e-01
1.248661129537188830e-01
4.557773655944328262e-01
1.587973912201864624e-01
2.512551988310996465e-01
6.495702071501018027e-02
1.764491295933527104e-01
3.831341916304149553e-01
2.705710973671981989e-01
3.959485869779879597e-01
2.427593364403543841e-01
1.980969102530897585e-01
3.686142639830057299e-01
2.165482521651337575e-02
3.008266345764368244e-01
2.329783620099115937e-01
1.799791441263284275e-01
2.395220208127465666e-01
1.825439172682357669e-01
2.525587001541284571e-01
1.424979373364775592e-01
2.149017427664975666e-01
3.269690444805503082e-01
2.784562068003775814e-01
2.615373424142644065e-01
4.854686151847009135e-01
3.982007032233514932e-01
2.720215205708866879e-01
2.910802141067643234e-01
3.394874328147741704e-01
2.049230232653129480e-01
2.766214387755528414e-01
1.019805668363040208e-01
2.941230460080997977e-01
-2.127691637655839199e-02
2.396655902138335736e-01
3.098940140158933376e-01
3.265926488399999994e-01
5.144765479379057593e-01
1.630091618607331372e-01
1.996445312145708750e-01
2.398218863430658376e-01
-7.384617826379760719e-02
3.394588201933984029e-01
2.885104620034950607e-01
3.258395792930391388e-01
3.211353176981732171e-01
5.771692572402664645e-01
1.909459880100826956e-01
2.388999404357576573e-01
1.334278966984381309e-01
2.116196417925705342e-01
4.199188211770309431e-01
2.305360943829003473e-01
1.307952323093278246e-01
3.426097389451577269e-01
1.963569134162112262e-01
2.003850413201495873e-01
3.183872528389570244e-01
2.084971091110272567e-01
3.464377601519247341e-01
4.109359007089926630e-01
2.834946235003367732e-01
3.003687673669270808e-01
1.755199872955746088e-01
6.321692252354121910e-01
3.861523673296641812e-01
3.542277560332632858e-01
4.872589622266120246e-01
4.564560230910526539e-01
2.346256149724251228e-01
1.847867906239131774e-01
1.738500435865269478e-01
5.032558607031754061e-01
6.485380341654400915e-02
3.185318820875694956e-01
2.088008433660019092e-01
1.290913693177915267e-01
1.227993214228231267e-01
1.120225752510957962e-01
4.077346466079933007e-01
1.176948122920302986e-01
1.823147753878409105e-01
2.825523811125731921e-01
2.738353723987097532e-01
2.743528155632194987e-01
1.343389631079520419e-01
1.347416427357685520e-01
2.911101423730119708e-01
2.286590818927262403e-01
2.164667555747508687e-01
2.372248796159271422e-01
1.612080382010935564e-01
4.035852184104866264e-02
1.689063648638118587e-01
2.097040338529665704e-01
1.965070150012284966e-01
4.804261224423698184e-01
2.920056723879548843e-01
2.526859247343311576e-01
2.427440868794230322e-01
2.412111259622326809e-01
3.580667841865791678e-01
6.498123943187367191e-02
1.447583451905441465e-01
2.178731191633395681e-01
2.732372109469118904e-01
2.417908979298667715e-01
3.131056117794713822e-01
4.281324615577263293e-01
