4.886745493926363260e-01
-1.387552841727328345e-01
-2.089244623771616821e-02
1.987599896568814917e-01
2.472195000093436734e-01
-2.957286940014304810e-01
-2.453679763412091874e-01
-1.809327864408606101e-01
-2.370534408610232291e-01
-4.214835552134524321e-02
-2.805790088738907562e-01
-1.959403796467118486e-01
8.871068776438938153e-02
-4.255487752930984247e-01
-1.333015291289704474e-01
-1.526112639645661739e-01
-2.460893921420788111e-01
-2.825816663621180114e-01
8.846136311756261361e-02
1.293996205865560224e-02
4.509143282330269759e-02
1.610376402990298106e-01
8.281856891161265555e-02
-4.948334366396272416e-02
-1.568872318021966028e-01
9.442328844000024216e-03
-5.707437854867085381e-02
1.903715413701482714e-02
7.492498235457981104e-02
-1.742790358873536061e-01
-6.320054977076106084e-02
2.153380212460203474e-02
6.914193506039706394e-02
-1.344824737531554737e-01
-2.231603911694808318e-01
-2.178198009985129746e-01
2.190024916905605190e-01
-2.616518335197704492e-01
-2.713340213507325349e-01
-2.307314122974272186e-01
5.248453795185298310e-02
-2.936511092756981245e-02
-3.118808651316966607e-01
-2.253032026937197563e-01
1.428392795121669334e-01
-2.992125595597235344e-01
2.301712406780336354e-02
1.533067228822903028e-01
-3.419127245162182915e-01
-2.307709250866821216e-01
1.264890518425649257e-01
1.266569305769236764e-01
-2.383960691897310247e-01
2.102045228769680862e-01
1.385679542047726920e-01
-5.680851136691018599e-01
-2.671032854238652651e-02
2.767909971378257339e-01
4.898642798658549014e-01
-4.012785396643598346e-01
9.404311549230021106e-02
2.377746302810935519e-01
-7.192772420758944407e-02
-6.337913549437212968e-02
-3.278783393185703832e-02
-8.080735438693580075e-02
-1.142395090564348459e-01
-1.354047854016899232e-03
-1.031486763600037437e-01
-2.559626728182120559e-01
-4.096230699798951713e-01
-1.752121145931932744e-01
