-2.579720475973414362e-01
-5.351431821707771513e-02
3.224599125944174749e-01
-2.002259491235653180e-02
-2.816283335465487574e-03
3.021946647615537593e-02
5.489333190090837228e-02
1.830711226977929373e-01
-1.571365658555693920e-02
1.380354509984877132e-01
-2.799855126856283793e-01
4.101779338229270544e-01
-2.263219100221746868e-02
5.415587407665964359e-02
-3.159511649204675421e-01
2.364053239215752888e-01
6.084697702133647773e-02
-3.334149729863863376e-01
4.995004383103517076e-02
9.317645533307776506e-02
1.018948814282568116e-01
3.502306102812779293e-02
-7.677668892736561057e-02
-2.277045884830614375e-01
-5.496565982697533548e-02
-4.132820365423683917e-02
9.659094073525798310e-03
-2.679962287445354120e-03
8.898105525350964717e-02
-1.025391177620833399e-01
1.437983331567460887e-01
-2.593520217284956964e-01
-2.281938909546103733e-02
2.717149652758557576e-01
-1.648603420290538357e-01
4.130500247378150469e-01
-1.906280302663852094e-02
1.061481520169190035e-01
7.995258794243369216e-02
-1.662432059898719117e-01
-4.566303659895750745e-03
5.886626953249628202e-02
-1.814001170796924745e-01
2.625832626123495439e-01
-2.291102394369625428e-01
8.271555327324424389e-02
-7.162400182822653560e-02
6.286697412360005011e-01
8.692558752926052290e-02
-3.600167203511011049e-01
-5.214193285876816963e-02
-3.488768542951532076e-02
4.239947031965667357e-01
-9.685418187696157033e-02
-2.813899289668808645e-01
1.003265132557270845e-01
1.587989078191662240e-01
-4.376610734204992859e-02
-1.377308190669990391e-02
-9.481658986326574334e-02
3.782990007391311971e-01
3.529467400860579647e-03
2.053974061683465635e-01
2.531886277613452224e-02
-6.279031050335889819e-02
2.413917298674807810e-01
-7.117739414280832566e-02
-8.259232985534233074e-02
7.670794327959250258e-02
-1.003146429975896176e-01
-8.873331526265389180e-02
-4.376883287755393287e-02
2.506777200277232054e-01
2.094576100651154849e-01
-4.940344623818774400e-02
-1.179413901369390644e-01
-2.039599656560552726e-02
-3.632988426117348402e-01
-8.673438361082463910e-02
1.235391091903723787e-02
2.785063574602368933e-02
-1.201096228029848723e-01
1.373341695901561799e-01
1.026764873487998747e-01
-3.876917360936733836e-02
2.741930760649661791e-01
6.534291301553001551e-03
-1.976703536367833969e-02
3.836302332742129451e-02
-2.354374121260903799e-02
-5.110308898951529399e-02
-7.783366711253085490e-02
3.307435277027533094e-02
1.362912046837381486e-01
-3.284080917263232924e-01
6.762509298601165897e-02
-2.985095868690739729e-01
-1.935837555503165941e-01
-5.020860607764195960e-01
-1.996995803086637836e-02
2.969210746447416560e-01
-1.520954735033295049e-02
