2.280500751767191858e-01
1.482843886932021515e-01
2.355860568461456139e-01
-2.305191242863660339e-01
3.884334757306873165e-02
-6.814024865119888696e-02
-6.999420560063945862e-02
1.592013771445004722e-01
-2.210982438460549482e-01
-1.368064993698894782e-01
2.733995142796723510e-01
1.651940543664122407e-01
-3.800021673588410698e-02
2.990778495087025122e-03
1.927494888014857355e-01
1.730671196058356787e-01
-8.463875005182695810e-02
1.203758995725512509e-01
-9.092964613322616907e-02
-2.192334393938317194e-01
-1.091392760308097232e-01
-1.725770762747817488e-01
-2.123817441406649908e-01
1.457729443444621409e-01
-1.558691310720744239e-01
-1.174178940003219318e-01
-9.272807905748882418e-02
1.121866254470403751e-01
4.237760962449384911e-02
1.267499117065147562e-01
-1.052061702261330584e-01
1.324499670572396592e-01
-1.820621334005728155e-03
2.174774427766572038e-01
1.266178529809952324e-01
1.704549674183455932e-01
5.601361433028273495e-02
-4.477940509682257902e-02
8.445741623243606389e-02
2.028256559806946302e-01
-5.484320470842569267e-02
-4.073502654118625610e-02
1.335334559959408529e-01
2.283716103036559364e-01
1.078728183362126919e-01
-7.758770525044135502e-02
-6.219058869646714588e-02
2.300007820094629729e-01
-1.252636417636490140e-01
1.710151410447966758e-01
9.017213207039181944e-02
8.287978095583523053e-02
2.694936967723204901e-01
4.614001890864386120e-03
1.793491724404003285e-01
3.979514527311396772e-03
6.867172484962984214e-02
-7.465707250247882731e-02
-2.122453913359918232e-01
1.454436977189156321e-01
2.455168214162640195e-01
-2.770410073317572386e-02
1.130368515420109438e-01
1.759514829416545245e-01
-2.116615256143959400e-01
1.321054592328398392e-01
-6.477074586351293239e-02
-4.653754361053669998e-03
4.647177250311409352e-03
2.405423389869376927e-01
2.480658193145990897e-01
-8.177185348695931166e-02
2.391382210934106869e-02
1.926148428752696984e-01
2.385740430674720622e-02
-8.937427064668013177e-02
2.178030447828010474e-01
2.628124721908997041e-01
1.754668970802850947e-01
7.129136099445337882e-02
-1.057681537799364940e-01
1.390942979623414066e-01
2.863501016816493716e-01
-1.372831567824829568e-01
7.974822397835047705e-02
2.130340870723116398e-01
1.352037489185852759e-01
-1.034664565472529288e-02
-2.210961089155125472e-02
1.047657161642237267e-01
2.475058403586656575e-02
1.304041513286143261e-01
-6.913816123062585528e-02
1.326255945491145727e-01
2.140469803471724553e-01
1.318301908978592729e-01
3.812285370603783752e-02
-9.591360004009268081e-02
1.594338349250066234e-01
1.249733214853499252e-01
2.613942563954744225e-01
-8.628521370045023897e-02
