5.137969970070997983e-01
4.036305686421729488e-01
6.095995124748480043e-01
3.646612529870049135e-01
2.802322307659817491e-01
1.757130659489188618e-01
2.639182186218812509e-01
4.606859703363658798e-01
2.002042797390869711e-01
-5.254551929537638194e-02
4.438552665983961920e-01
4.627894105598739372e-01
1.792589881469189572e-01
4.101070903293057568e-01
6.925374095535827834e-01
4.139262174747048162e-01
2.343018073920646038e-01
3.628676480084133127e-01
1.881861049064589841e-01
2.186023010098738784e-01
3.363933253121067501e-01
5.722326182148561313e-02
2.474821355618129770e-01
2.832266174755399546e-01
2.306605761991103176e-01
4.508083617302447443e-01
1.480754448955381997e-01
2.060642767563136968e-01
1.666342936873713154e-01
2.209192915255066003e-01
1.532071917850895137e-01
3.202941423265494025e-01
2.731839913479559012e-01
5.940592119016803174e-01
3.624584235123834985e-01
2.636810547838119301e-01
9.429847475222995212e-02
2.502329186697650476e-01
4.003404481780309943e-01
2.386490854984236742e-01
2.305950471146131497e-01
1.432896096259550778e-01
1.812077920847774415e-01
4.970092604708160056e-01
4.317053316489042336e-01
1.974754155144305412e-01
5.327198879589675196e-01
6.488932437097689743e-01
4.120035249490490159e-01
3.984032502264307496e-01
9.036548820698075968e-02
3.076612514095538042e-01
4.913449623421333179e-01
2.926449382647397512e-02
4.543303484115885360e-01
-1.040158840440899568e-01
2.892434133687860620e-01
1.095309298612464483e-01
2.467896951322266219e-01
3.266806118746848342e-01
7.417470738998248603e-01
-2.466960100968352415e-02
3.978060785206097849e-01
1.647388260281981709e-01
1.086907701578012919e-01
3.908226131565691319e-01
3.354835681291885863e-02
3.376342818165869453e-01
1.179543119482276831e-01
3.530398195373501968e-02
4.705557896984941535e-01
1.584860250653939706e-01
2.317285343688671451e-01
3.806601381760565395e-01
1.832649299391902464e-01
2.024975527448761789e-02
1.229884706124608901e-01
6.104003516823278686e-01
1.336770466665261337e-01
7.263380886563082506e-02
1.261257545099170319e-01
7.910259457490725898e-01
3.588331437306957472e-01
3.122899651878300875e-01
3.140439477690222247e-01
4.583114858953790116e-01
1.613498715960509922e-01
1.482705527039433202e-01
3.160164052722201911e-01
1.293027380143876304e-01
5.624887210522480641e-02
5.401859442582810367e-01
2.808113793632420196e-01
4.561330695588581285e-01
1.812646630079061683e-01
-2.198186664033999482e-01
3.761924679311532960e-01
2.520470983603429471e-01
6.582410004967398365e-01
3.311132266686193648e-01
4.662165370090858296e-01
1.935260838242546799e-01
