2.492830078765318758e-01
1.350243805458641866e-01
2.788214328148324594e-01
3.822195099992902745e-01
3.586741908928827161e-01
2.371050671339658966e-01
1.155742612761187088e-01
1.766530601983251625e-01
1.741646104222477065e-01
1.908225042905178082e-01
1.701686322539624763e-01
3.631386689558252501e-02
3.384697647148009469e-01
2.529368918001096422e-01
8.329738305605245696e-02
9.794907909171818305e-02
4.316265133374790758e-02
3.251178851110663737e-01
4.464714963340530862e-01
3.103809942093935237e-01
2.904710839106414699e-01
5.807327859670145809e-02
3.964907729587077712e-01
1.885841157171722349e-01
3.353694875154759059e-01
4.096844441797106162e-01
1.521725337213779838e-01
1.414332499287810352e-01
2.104280299679166244e-01
2.620586189564965696e-01
4.868365272006370814e-01
2.109459760403817885e-01
8.501873813427969495e-02
2.875119212550018566e-01
2.108892394688108018e-01
1.788919498651036499e-01
2.546420301912293294e-01
1.578246044781267676e-01
2.499207582279137085e-01
2.393606643837667969e-01
3.706370336334218196e-01
3.186889278548156179e-01
1.153356026942416734e-01
2.055648000270461628e-01
1.703488441747063598e-01
1.061923594163345780e-01
3.370439244005227764e-01
1.141560392364235760e-01
3.346974850652552624e-01
2.963733865225210429e-01
3.690453530371918811e-01
1.709540025027459220e-01
1.197875430368867400e-01
1.912450787416002662e-01
2.261668101330871761e-01
2.350545143668742731e-01
2.834028318202504448e-01
5.589787002471342803e-02
2.650406337653359867e-01
2.646558147350999146e-01
7.870950762479272944e-02
5.355465248696364977e-01
1.779330649953349275e-01
2.133481801335437161e-02
2.001065829913934169e-01
1.930741444917032090e-01
1.746990429549090118e-01
3.602373387757724088e-01
3.253534604898685734e-01
2.248926582409079555e-01
1.733813625147134219e-01
3.881446489576417802e-02
2.163577420293668896e-01
1.879849523135086742e-01
3.829385040240612659e-02
7.603341067022552358e-02
1.023458094619311143e-01
1.841716590703541268e-01
2.475627796678553927e-01
1.827313906085207829e-01
2.696228273017824972e-01
2.427754477244398745e-01
1.711055945965335723e-01
2.467011925305422071e-01
4.120501266735613899e-01
6.730973110384207148e-02
1.764496788348922027e-02
3.132689308969518471e-01
2.997408467981075852e-01
5.005559137905519762e-01
2.842358786723248043e-01
2.023458993691390206e-01
2.131747559634014078e-01
2.650988107756246936e-01
1.042794329787070928e-01
1.534188280083178535e-01
3.121705580802952018e-01
1.649638013248526380e-01
1.489944409939971959e-01
1.900882248682648212e-01
7.939283128538732193e-02
1.362749778242103860e-01
