-2.524470395522708799e-01
-8.250376407881580831e-02
-7.727236693754671072e-03
-3.205965178633281565e-01
-4.546504311943688204e-01
-4.456003246629109404e-01
-1.754098331606878391e-01
-1.020786024284893317e-01
2.609318479618391584e-01
3.834844905651447755e-01
1.913740743675546030e-01
-2.045914948081627993e-01
3.827084788074933824e-02
-3.905596054659372096e-01
-3.424051140192168607e-01
2.280868301871553649e-01
-1.197291061937497125e-01
-2.361574712201850168e-01
-3.701630629570201170e-01
-1.211125073308249589e-01
-2.668704656300064371e-01
-1.619207898842807691e-01
-6.098673265006009092e-02
2.701006198901556021e-01
5.150443859158750082e-02
8.877987738394874095e-02
-4.311832810960063850e-02
-2.349664943436928222e-01
-1.812982117288895745e-02
5.659998915906864353e-02
-2.085429485772245517e-01
-1.187538437734840524e-01
-9.986653044176885957e-03
8.957829133252170895e-02
2.079495111222794124e-01
-2.060759493950304333e-01
-1.518756872966490201e-01
-1.375270603356854304e-01
-1.871150585801542310e-01
-2.281091395741420835e-01
-3.886960919654254276e-01
-5.101534259906712609e-01
4.257758385166266618e-02
-3.131598341045171430e-01
1.275679418362923589e-01
-1.437211897422820683e-01
-1.706058268702646818e-01
-1.601359767102178699e-01
1.211828908558534451e-01
-2.720846412097561728e-01
-1.424044815258291574e-01
-2.827412103645133845e-01
-4.095805639936395126e-01
1.919233165668505492e-01
-1.378432310780201842e-01
-5.119734039405771098e-01
2.171663381194393339e-01
-3.643977293911606491e-02
3.172462882046395705e-01
6.292725887239628002e-02
-9.210435496426139235e-02
7.485229832024006824e-02
3.282266578223171360e-01
2.796237528394797112e-01
2.383956951836268823e-01
1.706514527386280289e-01
6.601731335162169811e-02
-8.980593655529674202e-02
-6.606383117993917808e-02
2.940119307220407374e-01
-1.828329363523207435e-02
-3.022085160244641910e-02
-9.151914909650360822e-04
3.972383537380228674e-02
-1.070572671768751788e-01
-9.992917532974671113e-02
-2.507447999220975277e-01
-2.151485344635059027e-01
-3.105565283450408831e-01
-1.165909855070532963e-01
-2.142020373398517974e-01
-2.098519823989762612e-01
-5.335763799394129675e-02
-2.092074593525385662e-01
-6.166120351202248467e-03
-3.169238895502356490e-01
-2.682552750554073606e-01
-2.180923713267644004e-01
