-8.266331830259136815e-02
-7.206313019639953854e-02
8.849759374056596906e-02
-1.639093588935986168e-01
-2.239265180642698028e-01
2.381823459089625339e-01
4.959460465245461858e-02
-3.357668592918988670e-01
2.274791012060853601e-01
-1.181148280985737931e-01
5.704579226570573314e-02
2.858224336527430687e-01
1.906262106824961264e-02
-9.428616143470847089e-02
-3.152222196496975437e-01
6.348446883039500499e-02
-3.002183986106560787e-01
8.504945821192295974e-02
-1.209844718634531524e-01
5.691382086433690451e-02
1.309649081717787766e-01
1.780453036597007543e-01
-5.095179176190098996e-02
-1.382459895106706027e-01
-3.129412392121250774e-01
-3.560658025617405853e-01
-4.144919189940528964e-02
3.011708441718817866e-02
-7.372812587147543895e-02
-5.037524876226462389e-02
-3.550799497591871634e-01
3.001239028296726619e-01
-1.763390010880062919e-02
1.003162678516842377e-01
-1.102042068993886598e-02
-1.802059469800549318e-01
8.449845078707929336e-02
2.468810749282644712e-01
5.204155547141476462e-02
-5.457379888549354630e-02
1.977711472858449115e-01
1.293316474266841265e-01
-6.504493432667476926e-02
3.965164819567890686e-01
3.069813040075188709e-02
1.246772373040626741e-01
1.516714189257555717e-02
9.435929611017395552e-03
-1.945886541039480166e-01
-7.736540741217105832e-02
1.981701631216525594e-01
5.538796670428994262e-02
-1.802009023791974196e-01
7.255779455283807577e-02
1.099414874491036198e-01
1.056454152312821526e-01
-8.577124479572850735e-02
-3.435854038082306744e-02
3.400419335641229335e-01
1.581508832861139649e-02
-2.137545491510432494e-01
4.531022997655124313e-03
1.407614783406297976e-01
9.058361833128032725e-02
9.184993804829744146e-02
-7.450382110836065164e-02
-5.002586880371753114e-02
-2.181875254497195604e-01
1.741346481798055346e-01
2.747242551185886256e-02
-1.545421429626537002e-01
1.652905778065068276e-02
1.463249971190030141e-01
-1.025583542087956240e-01
-5.201533222222275155e-02
7.895608115032511087e-02
-2.133117178225259203e-02
-9.227830912289800014e-02
6.673187446011322188e-02
2.586922932267193831e-01
-4.891411716380376700e-04
-7.498957832104728716e-02
4.042071937432930445e-02
-9.303975728323424232e-02
-1.153900148148895993e-01
7.516635276990545067e-02
-5.228990231839297093e-02
-1.340219807184776513e-01
-3.144334893569512568e-01
3.081891424576086239e-02
8.247150755194135319e-02
1.148638042044108354e-01
1.125377274529519300e-01
2.686800044005309696e-01
6.029780155344521830e-02
1.749973193823092243e-01
-1.462697296150542170e-01
-2.639728420885720794e-01
7.049799526876429634e-02
-2.085965639144898298e-01
2.112686158914852952e-01
6.850578146280003611e-02
-2.824261124617727381e-02
1.617039409406880734e-01
7.341337194247463116e-02
1.045005446073700439e-01
-8.419365967971961795e-02
-3.519278927284609504e-02
-8.773864277257595323e-02
3.711250620152627827e-02
-1.584452843550942791e-01
1.950480614614308328e-02
