-7.136799284080626304e-02
-2.413999283665038409e-01
-2.768570950621275784e-01
-9.226013586036428725e-04
1.526240624605114116e-01
1.115615889204950029e-01
-7.194244980442013326e-02
2.930239973245589713e-01
6.838623842504829020e-02
-5.678934974369236749e-02
8.235149744811237627e-02
1.978566800022676375e-01
8.420192212013527522e-02
1.191234400877905636e-01
1.478133379765066424e-01
-1.861351175476672060e-01
1.223463868821720035e-01
-2.766575551087048848e-02
-7.232242738950499239e-02
-2.500991406368442416e-01
-7.601747563200975111e-02
1.728305844571040029e-01
7.576801172216107716e-02
7.922715346136866010e-02
3.112305012784715719e-01
3.045846709124969132e-01
-6.804749716574104434e-02
-1.773114584295161777e-01
-9.326691163698100362e-02
5.394304637393631391e-02
2.616417593466313640e-01
2.625002645625821862e-01
-1.297455339435435451e-01
4.800809992615099470e-02
-1.486490577234972632e-01
2.284749242298481364e-01
7.550961912014068911e-02
1.518773752830348926e-02
-9.591288012527242335e-02
1.033620895705790604e-01
-2.328573420074648848e-01
-1.578858516028363310e-03
4.329030331962008434e-03
3.271598876816860652e-02
5.690324349544349097e-02
1.438301138763456166e-01
1.708623605261092582e-01
-7.011589828233247279e-02
-4.248361695091624340e-02
9.568218479370795004e-02
3.177967077733350187e-01
-8.031711681494506372e-02
8.496858175296251314e-02
1.213479680903544466e-01
-3.362386843770495126e-01
-6.101209365635708315e-02
1.293570280085957758e-01
1.465664330554389445e-02
2.165301113295274027e-01
-6.192419268603529398e-02
3.254324846176995800e-01
-1.905161537320030907e-01
-1.423882769852345132e-01
-5.771374305488673195e-02
5.764083520143726408e-02
-2.615812986418311059e-01
-1.046452022764689758e-02
1.354340126567919189e-01
1.047368297608447241e-01
-3.054898503951832336e-02
1.699487177295141427e-01
-1.544121046273318754e-01
2.148167283365192415e-01
9.947389885835185297e-02
6.194215580276857952e-02
1.036177287279492834e-03
-3.089308096644862583e-02
1.365383660598847859e-01
7.122953689705016633e-02
1.666224716581543031e-01
-6.268263489999630067e-02
-1.183216216801921544e-01
-1.605517603268744875e-01
-3.008605461744629506e-01
2.605551795962318118e-01
-8.861577611574494862e-02
-1.429578364378846899e-03
1.419392006757310212e-02
5.354282023654155596e-04
7.412097378637071132e-02
-1.863120580578073726e-01
1.869483230438457044e-01
-3.815916859916037573e-01
2.075376276813117871e-01
-2.901487349525921355e-01
1.372249316984783252e-01
9.350300974369371576e-02
1.222299845603510710e-01
-2.440092658863511899e-01
9.782549944550686383e-02
1.849180335725480739e-01
1.204615445579568754e-02
-8.552713768496751634e-02
2.209314894285017150e-01
4.555956338409654360e-02
-1.171419559116145814e-01
4.732838079830218453e-02
4.983685740279372028e-02
8.609192974364328343e-02
-1.598518814005682742e-01
-8.201229239184083808e-02
-3.206506545325916724e-01
