8.040942329804495747e-02
3.641932877432814686e-01
3.115021083887182796e-01
4.566706392849788076e-01
-1.077277606138041244e-01
2.348935338059606262e-02
2.202879089798695789e-01
-1.433675759712146058e-01
1.041272072700401286e-02
2.784962229856075000e-01
4.416059257926319148e-02
1.929069311483477822e-01
2.960193500484271101e-01
2.444860961601602253e-02
-3.277656761669940633e-02
4.911256007275844326e-01
5.545491450331087313e-02
4.186217016770462096e-01
8.268105943214065778e-02
3.211341766108334883e-01
1.105025644446165911e-01
7.828543733398933557e-02
7.392886556087220618e-02
3.070623890076093487e-01
4.570969146776879960e-02
7.178817068337135961e-03
2.420574083880021321e-01
2.042643497792185903e-01
4.636125846239879111e-01
2.459397773056870296e-01
3.642068154460472579e-02
4.727901475762966849e-02
-4.240248054336651778e-02
2.160499520817667218e-01
1.307342749886221678e-01
1.771072302008699639e-01
2.709801020446365172e-01
3.380234165763267296e-01
3.763762130690764818e-01
1.564467974229033775e-01
1.657407511220272411e-01
9.974733020727726343e-04
2.819928371553735436e-01
1.877475948862618593e-01
9.434985269838343236e-02
2.717961722793055257e-02
9.151316321240968166e-02
5.739894185292081230e-02
2.717081670268884364e-01
1.508287297751734202e-01
-1.152210795524380785e-02
1.439127910661493759e-01
-1.236399450442315050e-02
8.938987088354055643e-02
1.047982739157653637e-01
2.921885129269783943e-01
5.994943136895743846e-02
2.392167849728799867e-01
2.441052772929970804e-01
3.647335425762811556e-01
3.173494070725928484e-01
3.292426914540073635e-01
1.323297349346438390e-01
2.535541498028208718e-01
3.024978121750730442e-01
1.720163557001603838e-01
2.100479306855795314e-01
8.738224042115914914e-02
1.636311805816760556e-01
3.227679234699123989e-01
1.127803043041336606e-01
6.624451148568621939e-02
1.162330691888706358e-01
1.202400816528819971e-01
2.566464124427038640e-01
6.906666290997585944e-02
2.286800210234415376e-01
7.646467161929920708e-02
5.209520860122816843e-02
5.062881326229522194e-02
2.564498196268215069e-01
3.229476941957409308e-01
1.933365328687473850e-01
2.273367938485933437e-01
4.424762276785434295e-02
3.078859424549684198e-01
2.347501906116841730e-01
3.163844801178131716e-01
4.891482831994827668e-02
1.893391743657655280e-01
6.887440248750058280e-02
1.132637589920473392e-01
1.891000977410196016e-01
2.846663885417992645e-01
2.484890676480241145e-01
2.516705983177981998e-01
9.317932273879787897e-02
-6.031700899062794607e-02
2.803810888095527587e-01
2.033944939381429340e-01
1.252720580940787920e-01
2.337854128774084495e-01
2.351605806057275039e-01
1.623285428835455069e-01
1.116806280199802992e-02
2.878183838802951811e-01
2.753307765913170502e-01
8.084471404157238250e-02
1.454963117725806554e-01
4.266110886585087192e-01
4.307233338501410547e-01
1.418829405418154943e-01
