-7.919448275813924243e-02
-7.900765682849647531e-02
-3.373195796818963532e-01
-2.906657958712703937e-01
-6.216446170637709434e-01
-3.576034915625851962e-01
-5.556304991418556938e-01
-1.865826096237592491e-01
1.851696893470293759e-01
-4.149389954520937840e-01
-3.512821737908157216e-01
-4.865805725300397233e-01
-3.318627246833010247e-01
1.016025171071742450e-01
-4.881254608752241819e-01
-3.972907086329838244e-02
-2.379631140234374498e-01
-7.074069146096850780e-02
9.434194097798484502e-02
-1.955636479725930965e-01
-1.514985080666482187e-01
-2.121082970927865574e-01
-1.253388572205157980e-01
-2.562937155610647277e-01
-9.579678840145020025e-02
-1.190541831143516194e-01
-1.992704082326424708e-01
-1.060180810974937077e-01
-5.716737431380660706e-01
-4.171924140985381890e-01
-1.976440351909628523e-01
-5.031416975517569723e-01
-1.876122176247973228e-01
-1.561681841937599159e-02
-2.532793177025554482e-02
-4.153518642943647698e-01
-2.875077142016397302e-01
-4.001533173305824587e-01
-5.436514090261708454e-02
-1.079124799896645365e-01
-6.742972926398835276e-02
-1.178225269494148630e-01
3.842883338836963064e-02
-1.440358054386237357e-03
-3.252003636631141670e-01
-2.604641682829971772e-01
-2.410206705544599981e-01
-2.747580388994753653e-01
-2.773852994180412979e-01
6.851199634520446780e-02
-6.985410458625442021e-02
-2.933676923597784980e-01
-3.078327366088576267e-01
-3.957170981603516657e-01
-1.981685329950360897e-01
-4.394583303776142813e-01
-1.403448062592878472e-02
-5.325213012652098010e-01
-4.359326290268489834e-01
-6.581747732360203607e-01
1.549748824548815296e-01
-2.547193031060094315e-01
7.912320673089336120e-02
-1.024162079119664281e-01
1.355462299226756484e-01
-1.618030761337888868e-01
7.381004831252654941e-02
-8.112329173060388310e-02
-7.760663011237221333e-03
-2.903670744978644747e-01
7.618973482800944774e-02
-3.186514979534187109e-02
2.467866786600773910e-01
1.440544985405741718e-01
8.556486942339719404e-02
-1.924706969283393188e-01
-3.818303296035057137e-01
3.181219382917417904e-01
-1.469898041734633010e-01
3.233244972024561514e-01
1.541165419380164936e-01
-2.071777088884286799e-01
2.105154249463321026e-01
-5.128319797228517718e-01
7.799321229360339433e-03
-4.676235339823420767e-01
-5.908430986552466457e-01
-4.555507118597026950e-01
-4.600915688677604254e-01
-4.051423726343182929e-01
-4.918572287150204669e-01
-3.646814427883675602e-01
-5.311476668595316308e-01
-5.787863273367294115e-01
-2.744607881665430682e-01
-5.094678986241262253e-01
-3.487171701163941373e-01
-5.034053954262959207e-01
-4.432562790424814936e-01
-3.689291780458012204e-01
