2.539365251281693880e-01
-2.654405927510888191e-02
-2.294552233678269215e-01
-2.280438182152140225e-01
3.008882609057168533e-01
-2.095592410953483753e-01
-2.877055947118406509e-01
2.185644514292268623e-02
2.312507075572194648e-01
2.438864672015562396e-01
-1.805316561761458882e-01
3.186811409073411205e-01
-1.951005727399782452e-01
2.332675378238002473e-01
-2.741894399998253892e-02
-2.681157364483978678e-01
-2.724991245999098810e-01
-2.702930138224212686e-01
1.855028176980644261e-02
4.430129106705215508e-02
-2.297341549153151252e-01
3.416245108156643843e-03
-1.660842448465581211e-01
-2.042157856419583584e-01
-2.480414416641729680e-01
-2.628695491570016696e-01
1.975843066149745031e-01
1.984011474390070529e-01
2.475010263466761451e-01
4.329966738509653801e-02
-2.967642602859012491e-01
-2.643215569142159937e-01
-2.037267941990238973e-01
1.384348351976124464e-02
2.478494300455697519e-01
-2.677157138560564698e-01
2.732927361468200922e-01
-2.512902585338891437e-01
-5.020462434959411385e-02
1.845810214508550873e-01
2.522263929323036447e-01
-2.426171395302962608e-01
-2.617998842886391508e-01
2.320911720184109031e-02
2.209278387492368823e-01
2.481721476587837594e-01
2.580242401679205266e-01
-2.909972580669303865e-01
-2.611886342273992412e-01
-2.959051194953739028e-01
2.345070278441647726e-01
2.846225496932622834e-01
2.489137248521046675e-01
2.704042200206281943e-01
-2.388460436607599269e-02
-2.464869266478432810e-02
-9.484505563567648123e-03
-2.422557191682362943e-01
2.985645347205470035e-01
1.915399974496745650e-01
2.341875171128940392e-01
-1.450368299211651259e-02
-2.556603428030130298e-01
-2.768343918176025542e-01
-2.046105024441099984e-01
2.713347954343729995e-01
-1.619646481177123842e-01
1.918120090880455486e-01
-2.525746494570803025e-01
-2.822925052545983693e-01
2.400043990541171068e-01
2.737382006286565583e-01
2.415963299823472854e-01
2.821039325644608131e-01
-2.996323898677589331e-03
-1.433952589522756726e-01
1.839813964542867941e-01
2.139165907165593850e-02
2.640806373551384256e-01
1.002559811229481040e-01
-2.419975824834321998e-01
2.596497845790347592e-01
2.577297414994786928e-01
-2.905265630395413301e-01
-2.200225364320969601e-01
-6.839379968093420130e-03
-2.365870793660444504e-01
2.719441217072379180e-01
7.466807360915849075e-03
-5.624008887823674085e-02
2.485281048806293747e-01
5.349086713059746090e-02
2.721501130188379025e-01
-2.613488974508692553e-01
2.761483282697730843e-02
-1.907874811395638137e-01
1.995672053349447153e-02
1.989069254973266088e-01
1.870699994982654157e-01
2.376950818282788647e-01
-2.282622691549558019e-02
1.569592825110910639e-01
2.427555963252537030e-01
-2.775651755696711409e-01
-2.858521461860725199e-01
-2.260771666640433997e-01
-2.308105064400749196e-01
-2.529603665650236310e-01
-2.728833386333746613e-01
1.820220023749875016e-01
2.610948786554678769e-01
-2.545175796548184155e-01
1.037737663357161597e-02
-2.475555428350608711e-01
2.475724607695909685e-01
5.154715502729853571e-02
2.296278314541685961e-02
1.712189894714406802e-01
-2.707405762416756345e-01
-2.760140502215524538e-01
2.915764219243512367e-01
2.319291001751409009e-01
-2.473799652997774323e-01
1.584956425010774494e-01
2.531653181963202104e-01
-2.479754345770906199e-01
-2.405580109917311582e-01
2.389388639843479656e-01
