2.648388603168855271e-01
-4.888760269005894971e-02
2.299108288098730968e-01
1.413459438718937256e-01
2.134014627508566686e-01
2.111509595338258161e-01
2.852987852431835836e-01
-1.109186518297505981e-02
2.812588372838674688e-01
2.181864357971071422e-01
8.640712031393348036e-02
3.016481419621783733e-01
1.777973750934939146e-01
2.266456514626696006e-01
-4.633369176554986979e-02
2.245969602008614230e-01
2.828065764342758692e-01
2.393091292441568430e-01
-3.764340951804297231e-02
-2.085303717176526309e-02
2.700927700715492485e-01
-6.751862343618009188e-02
1.282076325926943816e-01
1.850138169170564839e-01
1.180392944916234532e-01
2.563983771355922148e-01
1.882934663351527871e-01
1.318997638164608466e-01
1.910609005028977847e-01
-2.363680548663542064e-03
2.700770483852132919e-01
1.775038751360285549e-01
2.112565790413930278e-01
-4.764541395843339966e-02
2.791441504547617081e-01
2.435217527043340713e-01
2.383018634815228520e-01
2.760431100760209477e-01
-3.094925364794583536e-02
1.608915739242896270e-01
2.875582893546055341e-01
2.343354588726811183e-01
2.651235143115019954e-01
-1.652925313972030547e-02
2.310282250169144180e-01
2.520898238304101757e-01
2.622182182568432718e-01
3.136399852036217961e-01
2.806387694699586932e-01
2.431813059566545476e-01
2.240887264532781253e-01
2.239311635668399803e-01
2.892178099550353765e-01
2.371281111434927480e-01
-5.281078892531953367e-02
-9.182845891719883247e-02
-1.290611985348026902e-01
2.731526989255170790e-01
2.294255081171448218e-01
2.258438138092471736e-01
2.503352614531153542e-01
-1.294358366945892562e-02
2.604271593267238893e-01
2.786607688293411544e-01
1.641888878588400047e-01
2.668731890807854445e-01
2.471736142118458601e-01
2.115787353889569122e-01
2.961190600498426750e-01
2.846168006933817995e-01
2.134556154349309398e-01
2.936764053305558342e-01
2.592298851315317232e-01
2.494205931881978422e-01
-4.847347378773918247e-02
1.533332121050941521e-01
1.571538987189575465e-01
-9.198999141513834743e-02
2.463114710610237179e-01
-5.620588167888296294e-02
2.255305516533882559e-01
2.125774542511199017e-01
2.617657134286328069e-01
2.676808752842708694e-01
2.563445889209994277e-01
-6.984473090535364692e-02
2.492768753496236445e-01
2.591619617592447189e-01
-1.141558622038641863e-01
-8.008803030187426619e-02
2.525823523184177466e-01
-1.248643518696600646e-01
2.697715801026546734e-01
2.853935480476723074e-01
-7.489788707096316223e-02
1.939587233678556621e-01
-2.172374476759592749e-02
2.175045663594123158e-01
1.808295050427598805e-01
2.481369092873596249e-01
-3.882468224206213347e-02
1.675270621672557136e-01
2.888450347628715997e-01
3.208168185933731320e-01
2.623766757277424810e-01
2.293790659434851997e-01
2.587118410234164889e-01
2.979249074845009559e-01
2.914103791263671361e-01
1.773045110412290459e-01
2.155139550039983365e-01
2.667720550075424191e-01
-2.341706595738065472e-02
3.005217933751428983e-01
2.503467256153638631e-01
-1.991959115878721986e-02
-4.520258511630138865e-02
1.357731312686599745e-01
3.065004461468778807e-01
2.328243531810027245e-01
2.671468112102785009e-01
2.462905652946027479e-01
2.816781602049057143e-01
1.421728683600448628e-01
2.380772279078068598e-01
2.483271890992180264e-01
2.567543702272521711e-01
2.447430520567820122e-01
