2.488749676540306655e-01
-5.604061487734791208e-02
2.620719911374564948e-01
1.176263685628884947e-01
2.524389946768307857e-01
2.394009521728277523e-01
2.172783061170705521e-01
-1.328791966851163575e-01
2.787499915713269050e-01
2.192387683847888680e-01
1.510016173422570052e-01
3.120318217797578009e-01
1.501951644504952166e-01
2.217278161150780247e-01
-6.471441669831726196e-02
2.620791491737321510e-01
2.711545642200645645e-01
3.019363207803508753e-01
-7.901619601216575139e-02
-8.436984134622066769e-03
2.876875877072571086e-01
-8.237927903024824805e-02
1.083132042449194282e-01
1.435832811355776395e-01
1.408344219371864547e-01
1.861791549694630510e-01
1.540690584120041062e-01
1.816859783707907849e-01
2.117531732244125053e-01
-2.924010316990816385e-02
2.695046581357826154e-01
2.016720243793969081e-01
1.641332499131980538e-01
6.523886242065179975e-02
2.738073523911626617e-01
1.794453708819763182e-01
2.786361240804391959e-01
2.974341804719520255e-01
-8.930301528264888988e-02
1.700402678933168599e-01
2.981695873024938770e-01
2.380116889983151240e-01
2.510822082227481267e-01
-2.491163056444710769e-02
1.949997358212575138e-01
2.438585823309494249e-01
2.550781549913033741e-01
3.205807425835038860e-01
2.814515057469068604e-01
2.571383111994270942e-01
2.234545919492458288e-01
2.612669225845378196e-01
2.868844135022356467e-01
2.619356316351082459e-01
-2.758651408889741322e-02
-6.400806285980116528e-02
-7.672267238948526739e-03
2.919827219149621622e-01
2.674030885095353693e-01
2.045639773639589543e-01
2.494690118102587117e-01
3.006911634306249845e-02
1.779045651010085771e-01
2.735877027084900881e-01
2.416752999667708679e-01
2.239705616800269361e-01
1.020980722848113115e-01
2.088706092261622682e-01
2.934233616388559618e-01
2.446286729822456096e-01
2.245579262181210956e-01
2.867939629549283165e-01
2.397429052078058898e-01
1.994652549082138460e-01
-1.271701031156284058e-02
1.178927975819032414e-01
1.181929476026367526e-01
-5.849852379708304906e-02
1.779995921308358819e-01
2.734077019268021588e-02
2.202804168623687386e-01
2.014818680525244377e-01
2.586697045014474394e-01
2.586708676794217676e-01
2.452558549856128367e-01
-5.823458099228068924e-02
2.616966699234883342e-01
2.179781745393590819e-01
-4.274175708432734894e-02
-1.201799384355725815e-02
2.379539807488638969e-01
-4.160934886142007155e-02
2.985234420163259128e-01
2.764562414924451872e-01
-2.862542428586295831e-03
1.682550280234326456e-01
-5.982041131182739419e-02
1.821045562546027841e-01
1.260601035568676143e-01
1.491383609422342604e-01
-9.713859756854686597e-03
1.900355720070149024e-01
2.920258128130845954e-01
2.796951344775144288e-01
2.501989812020957160e-01
2.677810686383210181e-01
3.211315833294910438e-01
2.911744086162821321e-01
3.032807424451172684e-01
1.853021144437096146e-01
2.701843564510288398e-01
2.435433301594127908e-01
-6.009153813967359377e-03
2.263929081754758044e-01
2.433950623009349667e-01
-1.204369562389562692e-01
2.471932133377793481e-02
1.221540400936680093e-01
2.928721233084760067e-01
2.333732152578453234e-01
2.603625007803392899e-01
2.586357528175057263e-01
2.762171092232877379e-01
1.486891295971233262e-01
2.654815156708481005e-01
2.421833592120399836e-01
2.478554063586877187e-01
1.937331300378497267e-01
