-2.572381391187524291e-01
-4.810975351368217134e-02
-1.636228774117742812e-01
-2.949823458283909461e-01
-2.258138098461285603e-01
-1.521642941726350229e-01
-2.502159283608723639e-01
-3.954218074043929637e-02
-1.800340966457878167e-01
-2.190957753562950416e-01
-1.015475859152001614e-01
-2.576997651034954595e-01
-1.077234736344999944e-01
-1.462698970610290528e-01
6.434509740534560471e-03
-1.739837717498063097e-01
-1.730868603889872959e-01
-1.592697040833559174e-01
-9.824928937014383579e-02
3.218872039073874397e-02
-1.682714542830620053e-01
-4.006375567801759296e-02
-2.202648418771570027e-01
-2.016933311397012818e-01
-2.379344423097408956e-01
-1.560841105242651572e-01
-6.073828104816195173e-02
-1.522430093041887145e-01
-2.590849137583950412e-01
4.430800579469899858e-02
-2.350352182279840663e-01
-2.133324391050700208e-01
-2.794298126475277533e-01
1.275849672792945255e-01
-1.751309308157180944e-01
-2.819612454608863006e-01
-1.761861282436853748e-01
-1.898815174097883141e-01
-3.844928734631968686e-02
-6.727262152760209168e-02
-1.770420726094330266e-01
-2.484520476097339947e-01
-1.635492853571084149e-01
7.569396508122247513e-02
-1.598602623651751153e-01
-1.500798206120481648e-01
-1.305884532024348399e-01
-2.137705406118144691e-01
-1.335832258439085263e-01
-2.782289414678497663e-01
-2.069138524798735390e-01
-1.700174474599190355e-01
-1.709392393770862439e-01
-2.090786475576600634e-01
6.896067635255786858e-03
-9.257387827671789693e-02
3.423774683150494769e-02
-1.519490005466051230e-01
-1.674396503959458549e-01
-8.246832223940046835e-02
-2.574908872960414707e-01
1.627569410576737985e-01
-1.152161988298510964e-01
-1.686729892582799484e-01
-7.273484681469390145e-02
-1.968501872553440057e-01
-1.603143570902414994e-01
-9.178165723548241395e-02
-1.739589842162262978e-01
-2.375452033366790006e-01
-1.925052990679594345e-01
-1.921482087429848273e-01
-1.424554571732633002e-01
-2.322426503574691603e-01
-2.786913439535136996e-02
-1.125757830163546525e-01
-7.521906488078315689e-02
-5.328939147369719104e-02
-1.614908877985850588e-01
2.695308132090150008e-02
-1.002116291719399449e-01
-2.461835481791395386e-01
-1.709620663844248212e-01
-4.059285451569454028e-02
-2.255677532800156870e-01
-7.217572495671656374e-02
-1.400727247091760885e-01
-1.863840873181546731e-01
1.029382999573382439e-02
6.434742344040898787e-02
-1.781235170512759647e-01
2.698702255487612361e-02
-1.972199217154030626e-01
-2.205799797978628130e-01
-2.536154993514900050e-02
-1.695730235184710610e-01
-2.156850150230843824e-02
-1.638473280107377861e-01
-2.071838025294061303e-01
-2.996771454577412674e-01
7.267667050000908846e-02
-5.859962984712271256e-02
-1.679931933857212178e-01
-2.480800460236163019e-01
-1.703054078315752451e-01
-1.957916111808579718e-01
-1.974087453227248157e-01
-1.807779521818961010e-01
-1.727242029632490850e-01
-1.823649130774128990e-01
-1.649844450505472127e-01
-2.149414749539967917e-01
5.564785519815487747e-02
-2.106145884571092031e-01
-2.110463663193059280e-01
-1.233575808486179065e-01
6.279993493339713906e-02
-1.504160078903194753e-01
-2.064623888651692662e-01
-2.530500723348049208e-01
-1.933563986408859126e-01
-2.293598435150128734e-01
-1.660477618471005723e-01
-1.751724548040329288e-01
-1.618964849649028592e-01
-8.944475333296396380e-02
-1.747919801850662813e-01
-2.410113720819091754e-01
