-1.232509404313611445e-01
3.464354583943310972e-01
-3.957474213440242417e-01
-5.962190533172528895e-01
-5.561893685573070512e-01
-3.149721887894432193e-01
-2.494759874015121948e-01
-5.534053790496252789e-01
-3.520367153163695417e-01
-7.122052435163164219e-01
-2.465155023161930692e-01
-4.614483530241742515e-01
-2.715007152398271617e-01
-1.734579843319462855e-01
-4.391536711711790941e-01
-2.537484236380066482e-01
-3.095751807040206249e-01
-2.049104846097822286e-01
-2.809949746804065729e-01
-4.256583113135504748e-01
-3.161019933864460674e-01
-7.950888423779076120e-02
-5.670499754266999926e-01
-5.623344978499320579e-01
-3.862436208777165203e-01
-3.295011188114930212e-01
-3.733909660402850439e-01
-1.607817512914339053e-01
-5.086162860677920783e-01
-5.840373078690136444e-01
-3.989238492346008913e-01
-3.427153077362128375e-01
-2.555864340472229213e-01
-3.415639845121187235e-01
-5.417159674880476228e-01
-3.058902707792672815e-01
-7.737911861735573549e-01
-3.990897771035843977e-01
-6.874167725107713789e-01
3.485554941375874072e-01
1.929829187293823078e-02
-4.283715886308740728e-02
6.496280900010351946e-03
3.316639976120629996e-01
-8.805693060150211748e-02
-1.558149161844314123e-01
3.635543920129588047e-01
9.399645529319358706e-02
-6.078591207836234744e-01
-2.591276065405776485e-01
1.390765893802847208e-01
2.624838176487356844e-01
1.166542844574464111e-01
2.090697448535338843e-01
-1.489050153971031853e-01
-5.941759313008472265e-01
2.177275383849419099e-01
1.434387625657774779e-01
2.943809195374723076e-01
1.592503393097340902e-01
-3.015715632355113751e-01
1.085066870870485083e-02
-6.715489679613730889e-01
-1.185416485860699282e-01
-7.308592372552016325e-01
