-1.069878470659028219e-01
-3.832842323134918322e-02
-6.814997966089834935e-02
6.701656092726142148e-03
9.096059333004070935e-02
1.364190616232557052e-01
2.672101175385917515e-01
1.138528926181844002e-02
-7.049668752004080788e-03
-1.911982294026487728e-01
-6.023192307589426975e-02
9.662406311400287273e-02
-1.472325047506760076e-01
1.213956386769363821e-01
1.801314869775250127e-01
3.980377255059740910e-03
-1.273116254244822422e-02
1.633805451296914957e-01
5.238684935081794336e-02
1.718091334057008368e-01
-3.441315550467593382e-02
-9.140591759515033499e-02
-1.230150697874591303e-01
-1.833618394719410960e-01
-5.216262041389771453e-02
1.092516557600647781e-01
2.707412402421897901e-02
1.748024227273600739e-01
-2.054361099448677730e-01
-1.253607589121260302e-01
-3.238304403685035582e-02
4.255529246463844208e-03
-1.418526914037785691e-01
-2.054329759640028119e-01
3.176701527153774629e-02
3.740858822282922685e-02
-2.852481113186633443e-01
-1.648272270904033443e-01
3.690648090136774279e-02
-1.508780480350234710e-01
4.510461927123848858e-02
4.057764776486216807e-02
2.053317727622428965e-02
-1.197919247047867924e-01
-1.436691573296380586e-01
1.093528386458939988e-01
-1.067118887625823354e-01
1.935515134132677062e-01
-3.580243186882792195e-02
-2.270202318761817828e-01
-2.165601840469146278e-01
-1.084906786520879393e-02
-2.585096216504172151e-02
-1.588671885946326134e-01
-1.190833376902883768e-03
1.082113590116179774e-01
-1.121749137792668882e-01
-1.399685596532524758e-02
3.156791802565974692e-01
6.892768465516094234e-02
3.738210237984587736e-02
5.161262200163192065e-02
1.629323594878067938e-01
1.405783360636743973e-01
-1.746925990634793091e-01
1.411363318351123164e-01
1.267969724317289000e-02
1.873432441946772387e-01
-1.778817038805297068e-01
-1.269665823044049124e-01
-3.106044861326410361e-02
5.317133422080002475e-02
5.859173644860341673e-02
-2.470683067590006936e-03
-5.992488197673541406e-02
-9.743012007951018516e-02
-3.676229111800750071e-01
-1.380534012949933831e-01
1.506028060402723190e-01
1.299158169616397573e-01
-7.723012836297783734e-02
-1.984958784750493199e-01
-1.094039302331672320e-01
-2.731666296535571470e-01
1.705638661310251991e-01
4.900514762518149575e-02
-1.462477308143486920e-01
3.270292160276561111e-02
-1.612325228860471416e-01
2.117045499795253694e-01
1.083484966406406680e-01
-8.247062338056333763e-02
1.827467515065668568e-01
7.433780293702609010e-02
2.060808504960773002e-01
-1.237273638643962559e-01
-2.303813824697156509e-01
2.489730096462188236e-01
7.819365651562678807e-03
-1.027480319078901555e-01
5.491957594666164316e-02
-3.947417331266133561e-02
