-1.484492171343990419e-01
-6.515693345054232588e-02
-2.168580456817843782e-01
-1.934001364891761721e-01
2.455423628724683616e-01
3.789055375280868387e-03
2.400886372195452367e-01
-1.531235722490056350e-01
-1.618979902577740992e-01
9.073245861547182822e-02
-1.111271945881808082e-01
-1.803591423364649116e-01
8.988339402321057769e-02
5.711549864440001317e-02
2.141080769835368158e-01
-1.915340924232908915e-01
-6.985630309850864028e-02
9.071599495615174924e-02
-1.513418410398577052e-01
-2.505785819819059471e-02
-2.321034281159684576e-01
-1.228763141461158663e-03
-2.332159665076427579e-01
9.303109295601873219e-02
-3.245891112472336082e-01
-3.341556359711942981e-01
-3.637746953304038869e-03
-1.236767528591978527e-01
2.212284336801595142e-01
8.305275218775383383e-02
-1.687924467246517124e-01
-2.416103097077668682e-01
4.160383409465653187e-02
1.948763105858339617e-01
-1.647899346077181804e-01
-3.141416427987601262e-02
1.696542314346611569e-01
2.311475117335002327e-01
-4.361270510481225077e-02
7.612292045881055569e-02
-5.723680922712012786e-02
-1.725760219139978457e-01
-1.965427868758432006e-01
-6.687965190145248040e-02
8.333736787229727161e-02
-2.253588286968350729e-01
1.198683410092530460e-01
1.972169204509499063e-01
-2.005020411402209379e-01
2.213079110439093722e-01
2.109671271367489220e-01
-3.006366847853543176e-02
-2.902074812847576027e-02
2.029903259692095452e-01
-1.959041909145876337e-01
1.692153250293781108e-01
1.791847455062460792e-01
-1.586076305583161705e-01
4.838121689679338033e-02
-1.670079841495436257e-01
-1.082261072617583947e-01
-7.359204939778803134e-02
1.259978043815542237e-01
8.186807859709140101e-02
2.012211589646735119e-02
1.534546844771755014e-01
-1.256563390353148957e-01
-2.327324103245768105e-01
6.914078020725529516e-02
7.971134735976111163e-02
-7.430229659617042237e-02
1.693269398211040208e-02
-1.921504888993777749e-01
-2.788079800204565362e-01
-9.440762326931609327e-02
-2.022904638049378145e-01
1.498592703173749485e-01
4.931397788759619288e-02
6.286155271240696785e-02
2.495234540353327441e-03
-1.160908884488544429e-01
1.484635890435211381e-01
-3.193444833331537946e-01
1.767156144035937626e-01
7.068990392134498479e-02
-9.096335019745448169e-02
4.509298309203844946e-02
-1.447811729975232165e-01
1.410517857120228702e-01
1.228940198907845123e-02
1.568618970899010312e-01
-1.636959071071867472e-02
1.198395676931446469e-01
-1.456488493480951885e-01
2.047859110136823757e-01
1.612133143520584344e-01
1.353923243349145211e-01
1.313586815871270741e-01
7.700731624085113691e-02
1.569314044821094323e-01
-7.002381947785792093e-02
-1.229217876511990160e-01
