1.168443602190951391e-01
1.063118261338308196e-01
6.041000178541112292e-02
1.254804191004785241e-01
7.282774404296728232e-02
1.277406944029789437e-01
3.249677552829425276e-01
3.222403281055961077e-01
8.852942537478838969e-02
2.458858043993319142e-01
6.245806997794014354e-02
1.380459117767349475e-01
2.579318243329049021e-01
1.512278499316248026e-01
1.521485432419013573e-01
1.667974592445690685e-01
2.733269492151798041e-01
1.568908193232435855e-01
1.920246489839094461e-01
9.624316196456987604e-02
-8.922577053956200210e-02
2.368694191403782345e-01
2.119426314253132493e-01
4.367919756337522719e-01
1.668668788101043687e-01
1.848518675074154183e-01
2.124098762019876463e-01
1.699885863331062896e-01
2.035164810293010051e-01
8.409054484383086947e-02
2.011837744984264487e-01
2.725049499746338699e-01
1.741122204169979204e-01
2.829585417272273973e-01
6.229340130470790299e-02
3.012147508059502890e-02
2.126915189146347529e-01
1.409114217870070795e-01
-5.300018080277138326e-03
1.303045092481756317e-01
9.030805118270684995e-02
7.904536838418638189e-02
1.205807497553018776e-01
2.475879909673945473e-02
8.920310559039683340e-02
2.935277378870990161e-01
2.077462767219488970e-01
1.775647043485210075e-01
1.352541396705961574e-01
1.625366378907996401e-01
2.321269656688075000e-01
1.922503249621178856e-01
2.441573344946224855e-01
1.013906958892456245e-02
3.059244462440261492e-01
1.319275129306396177e-01
1.394116590401402178e-01
7.754788455877908646e-03
2.546037489444678559e-01
2.193740076129647720e-01
1.005572080226643655e-01
6.385759141617096055e-03
1.531733391202464156e-01
3.318938108402252896e-01
1.680938271671718054e-01
2.177455488939554762e-01
-2.353696093671390002e-02
3.131407135484788884e-01
1.833840737590316516e-01
2.520589466387521682e-01
2.009935108909643720e-01
1.957381401999971349e-01
3.249792386911282138e-01
3.498692581617540709e-01
2.084556225222363446e-01
1.966584912144753172e-01
2.058550263692961457e-01
3.380459040779465463e-01
3.286580107426584907e-01
6.576550215092195895e-02
-1.412461044517640193e-02
2.832170680996974887e-01
1.597035000536374538e-01
3.876063047806308504e-01
3.654775745330301473e-01
1.453196272037940995e-01
3.181074720135108058e-01
4.849195412915601605e-02
2.758678665062798685e-01
7.646599045997794220e-02
1.024071101603294121e-01
8.246651211593275521e-02
2.235155302620148721e-01
1.944624739513334533e-01
2.120378926204052605e-01
2.808831410072750168e-01
3.245055381931261640e-01
1.719661449775461148e-01
3.477471807974542028e-01
4.356590303248543683e-01
1.170834535005713939e-01
1.047871773664309919e-01
