2.810328878280050624e-01
1.722623661545727713e-01
2.249109273155952271e-01
5.740417259482544915e-02
3.364727537193740875e-02
-1.432489524281627341e-03
2.325369406662762539e-02
3.782391418912970371e-01
5.339941594923160173e-02
5.311928550749121097e-02
1.505219510118486759e-01
2.485587248965411833e-01
4.518320435267854894e-03
8.815151667945800296e-02
-5.744021864021098267e-02
2.436517752316811336e-01
2.691681800216665921e-01
-3.055503327127239224e-02
3.005118471606747499e-01
1.051406346321999974e-01
-7.680399795227819959e-02
1.798751145316337119e-01
2.460898116951052150e-01
1.435723759788196628e-02
2.464943686614326779e-01
1.555858336704032119e-01
2.191301576428319187e-01
1.673229783907052015e-01
3.573282656414442093e-02
1.883036830275012508e-01
2.282351382219435509e-01
3.942374922681848859e-01
7.251133997032879752e-02
2.592400275321499192e-02
2.154167312733646089e-01
1.970907786774779846e-01
3.165188864575250727e-01
1.008829367333913679e-01
1.461827804585769386e-01
7.626767941218243196e-02
1.037153895359202993e-01
3.382185167936995751e-01
1.080332325131754395e-01
1.185886350942267492e-01
-1.262858643948316373e-01
3.512416436099797257e-01
-4.540158494766089944e-03
1.921847377225165410e-01
2.680808952309600701e-01
8.261765039169902125e-02
-4.470165740137712479e-02
2.899222481284168818e-01
2.674119751670894773e-01
1.213191619593348286e-01
2.096693542405380362e-01
-1.119691436894865305e-01
1.732369393098827717e-02
3.146668296759567718e-01
6.104145212838771317e-02
3.119918987696435053e-01
2.440696119575344325e-01
1.192094985178678707e-01
-8.407054523113639821e-03
-7.484608613306437987e-03
2.637013652979459111e-01
1.751471510207999183e-01
-2.122323004355842688e-02
1.212950651579018935e-01
1.309733867875415569e-01
8.629039319859296842e-02
-5.465890546923035664e-02
2.886294935644104775e-01
3.807754016314616186e-01
2.139417932228548369e-01
2.273828686022953405e-01
5.843675677322544143e-02
1.030765532708540766e-01
1.377878156384787223e-01
6.899388249883368907e-02
3.074686779127941971e-01
1.110011325628988549e-01
3.138563171169350685e-02
1.109072151628282960e-01
1.475068664121586826e-01
2.191036027327205593e-01
1.483216683852260909e-01
-1.232683477793065398e-02
1.875386961320474610e-01
2.325466544669034796e-01
7.311019528878415219e-02
1.315543905513182621e-01
6.269962040931228997e-02
-3.078209089867445670e-03
2.468386606327820920e-01
1.985028128358576616e-01
8.320145875254282564e-02
1.130380852640278447e-02
1.545244193159298063e-01
1.990853171997942761e-01
2.434270492627063076e-01
2.081903969488397566e-01
-9.084668437122525586e-02
