-4.283494841477800130e-01
-1.818418889362923840e-01
-1.996441946714682183e-02
-2.658628823868489088e-01
-2.346670281253590562e-01
-4.304102381504962826e-01
-2.413078977660580993e-01
-2.855451337631426112e-01
-1.268812195772928419e-01
-2.804675170127686190e-01
-5.063195650967335960e-03
1.104604732312334248e-01
-1.553560474174627004e-01
-3.550185513657910796e-01
1.784105981182244338e-01
-2.815292297973324698e-01
4.888206884408322073e-02
-1.784362657579031120e-01
-7.643925764594690364e-02
-2.728000577252627235e-01
-1.075749435934655329e-01
4.330943821577745712e-02
9.252032082934170953e-02
-6.300070054254867935e-02
-3.188059403422676685e-01
5.645229147338091252e-02
-2.021345773833132381e-02
1.906725242242645613e-01
-3.260345400169256114e-01
-1.427981687439084657e-01
-2.006900088602109333e-01
-2.984646827369507593e-01
-3.333906948214363508e-01
-2.023989009582943810e-01
-3.388093813987019254e-01
-2.087058813830031112e-01
-1.149192353110430193e-01
-3.301965107128523313e-01
-2.414302742121404444e-01
2.984462877595312272e-02
-1.167742796747931605e-01
-8.867811552458126911e-02
-1.579570103588471275e-01
-5.192162840724619255e-02
-2.771339887928786494e-01
-1.832215524937393369e-01
-2.774172440212890542e-02
-1.448929962268163674e-01
-1.498962214303693474e-01
1.585893101623444060e-02
1.460107737750295787e-01
-1.238023216222156331e-01
-1.245222976487499189e-01
-1.207404913761889048e-01
4.211318570762927899e-02
-2.133076227153149207e-01
-2.930073018090036396e-01
-1.182941586563112518e-01
-2.688817455123435063e-01
-1.882364982598161429e-01
-2.969343475004688204e-01
-3.521320872784568234e-02
-2.960862687348070899e-01
-3.220323925932923048e-01
-1.583929130069796076e-01
-4.109254461802952507e-01
4.786402026335936921e-02
1.708465915305605876e-01
2.134003158290496416e-01
2.701643800076056548e-02
7.753048721586681957e-02
-1.695786417520730172e-01
3.044826404101826922e-01
1.242418432776128817e-01
-1.094761785375686497e-01
4.415663381461806120e-02
1.334070270400279923e-01
1.003588698054208306e-01
2.330015166607547761e-01
-7.045367095431779095e-03
9.815815434626359859e-02
8.337269818060871751e-02
-1.696564128283427619e-01
2.280756147577846782e-01
1.565675350165774138e-01
7.731468729546613072e-02
3.430069240537600428e-01
7.866844377037314484e-02
1.494113497453782302e-01
-1.419513964876537304e-01
2.569647535088112611e-01
-1.801662582052969142e-01
-2.364382250155598886e-01
-4.441644022180215590e-01
-3.489539977535923709e-01
-1.845125653759938922e-01
-3.450870480533395623e-01
-2.986596585893980804e-01
-3.678398459368183993e-01
-3.568485428872155696e-01
-4.282372607490015359e-01
-4.535114245129541755e-01
-4.514977212089043013e-01
-2.433267174112394016e-01
-3.458440182311611766e-01
-1.969823899449799354e-01
-3.833102517036328094e-01
-3.829300310765657023e-01
-3.774072994450404783e-01
-4.495760590881998642e-01
-2.989035728474894182e-01
-3.746551488645161188e-01
-4.000586485243224910e-01
-3.264167411224003779e-01
-2.763902875124301661e-01
-2.805510367260515836e-01
-3.490671076683963259e-01
-3.537945271144988801e-01
-2.182519524325647331e-01
-5.478112023275195641e-01
-2.925745998588640262e-01
-2.797544380488954929e-01
-2.749796164484742955e-01
-3.480512478743037486e-01
-3.839236126646301539e-01
-3.650196572013477136e-01
-3.814511865913373101e-01
-3.044244045815371336e-01
-3.602713401092702550e-01
-2.898540136948192791e-01
-3.364610933001604964e-01
-2.422442250394506169e-01
-3.029354601437161398e-01
-2.439483789309147832e-01
-4.242538615536873281e-01
-4.687922797116247375e-01
-2.863054828096430193e-01
-2.596236961696852807e-01
-4.287055262431801461e-01
-2.998252491734585967e-01
-2.455758369740548563e-01
-2.528112325740972666e-01
-2.433446963542579833e-01
-4.094463676218666470e-01
-4.435552969288680814e-01
-3.350384402570507070e-01
-4.037935855411999841e-01
-3.100044280706920063e-01
-2.671035046441797567e-01
-4.668181949158797805e-01
-4.614249774574402663e-01
-3.291192527549627322e-01
-1.351783687255974364e-01
-3.948719953861929421e-01
-2.461659657464538020e-01
-3.285614396978905338e-01
-1.911909335395461373e-01
-2.561216653413094790e-01
-5.831902934564409113e-01
-4.143317696563125208e-01
-4.189678267604630690e-01
-2.620493192502413304e-01
-4.137989480332532888e-01
-3.897010258717258369e-01
-3.903104939203716484e-01
-2.399549854306252394e-01
-1.862195294807958146e-01
-1.064793011528682859e-01
-1.981965263544339662e-01
1.159046414594408214e-01
-3.961936689980553039e-01
-3.677635698917512963e-01
-2.149940244874095630e-01
-4.080557646477550593e-01
-3.712472070380868350e-01
-1.278512894836016933e-01
-3.473465924196172394e-01
-4.730086344885729988e-01
-5.279781142370123526e-01
-2.362430320688171936e-01
-3.269657522076329648e-01
-2.310506132819857283e-01
-4.749136120087978918e-01
-3.011031593454648880e-01
-3.340396393585348678e-01
-2.702183537826131632e-01
-2.737791179894818461e-01
-3.284019567861407585e-01
-3.927002659045883970e-01
-3.242646041211386110e-01
-5.079573620671679057e-01
-2.167911517865017956e-01
-3.492947473092508637e-01
-3.602951069975968146e-01
-3.668379078626363698e-01
-5.348502206131217074e-01
-2.908917857504748072e-01
-2.899777943669093472e-01
-3.113392241686364081e-01
-2.480916616603375535e-01
-4.075593724110471716e-01
-3.505760134501711978e-01
-3.126255535628582605e-01
-5.969635574029391600e-01
-2.760155852957377198e-01
-1.741793931133750473e-01
-2.755481319794200190e-01
-4.878498187470952652e-01
-2.329674515800102541e-01
-2.246875170057258952e-01
-4.209607759571407093e-01
-4.010260422845060568e-01
-2.939428158932758661e-01
-2.256439713104745337e-01
-3.098156287862475766e-01
-2.740636423340296335e-01
-2.690312180328071068e-01
-3.880528708577545838e-01
-5.872598065949813373e-01
-3.500188944099164035e-01
-3.435076117838819498e-01
-3.530327294111731962e-01
-3.116006222001111436e-01
-2.268519811667153996e-01
-2.847098528378547155e-01
-2.014743597018778254e-01
-3.819027534300621363e-01
-2.215495014184672429e-01
-1.540822592436274230e-01
-4.118737949249896557e-01
-3.639859167837516951e-01
-3.826628600079275411e-01
-4.254236032461450878e-01
-3.772316595941607731e-01
-2.786354376750763140e-01
-4.323749525156228568e-01
-4.000140219805543573e-01
-4.417870527816658011e-01
-2.450252693559282491e-01
-4.034068574985072986e-01
-5.299419515430259242e-01
