1.592308367980644346e-01
-1.400767224924612808e-01
-1.355890808475267162e-01
-3.100371997412421088e-02
1.035894387961709545e-01
1.349128517306320552e-01
6.570279636833170622e-02
8.780597623507344074e-02
7.959361366796952053e-02
-1.167186746228285887e-01
6.901348340808899362e-02
-1.049732350848241458e-01
-9.284786773866704479e-02
6.842186639505117018e-02
2.245721347649382860e-01
3.608139340986150131e-03
6.188209185372012949e-02
9.219873281439656953e-02
3.578127452902833683e-02
1.395108007175503706e-01
-1.401091552195105616e-01
-6.723195826370240158e-02
5.000621871406876057e-02
-7.331656170896883040e-02
-9.933745271440642954e-02
-3.130057608164166227e-01
6.764815652143013613e-02
-1.121684739064654317e-02
6.982203519813677539e-03
-3.711578352617837112e-02
6.861587268438146259e-02
2.446268076549211121e-02
-4.773091557450415828e-02
-9.937588804500392670e-02
-1.509125916315297578e-01
4.091718348066095134e-02
-1.243542829860323495e-01
1.738468031607693851e-02
-1.364728671188001341e-01
-1.040451371974413508e-01
-1.141774161697359097e-01
-2.240016568939728336e-01
7.880523168351638574e-02
1.457151818219486368e-02
1.977117979955993199e-02
-1.373387195137676098e-01
-7.306617588902054872e-02
-1.234914704115094297e-01
1.030720834325630185e-02
8.367985307312765519e-02
1.150985687231761007e-01
-8.822408829794139984e-02
-2.193456420730132903e-02
-6.318756983502187008e-02
-1.043076780030749301e-01
1.179928226794861174e-01
-3.016749494059577374e-01
4.492622168523469767e-02
-4.106181146379422886e-02
-3.471099595855389047e-02
7.214149906856805183e-02
-1.354747620805536457e-01
6.765544918407814801e-02
9.814380113570651820e-02
-8.402581889473499308e-03
8.125437257502322874e-02
3.681314709699001070e-02
-4.590995532933075940e-02
-1.433392328194663112e-01
-3.077400690271999556e-02
1.541456538125758613e-02
2.920663563598471270e-04
-2.325866344665903848e-02
1.434302418473991925e-01
1.564233104897285453e-01
3.680749112055746453e-02
-7.947522621625363604e-02
-8.011696454613301266e-02
4.896892678970927310e-02
9.309369679334063286e-02
-3.656488479950689013e-02
-7.951166153526986746e-02
-7.869975847116621182e-02
-3.084073394549580738e-01
1.434254550463783147e-02
2.595329650305670463e-02
2.349461452974985209e-01
8.268680844101942984e-02
-3.937742310247339256e-02
-5.629920882882867572e-02
1.407575857542613662e-01
-1.084658971008514855e-01
1.265451618807334443e-02
-2.164504846928206119e-02
5.279034919696092704e-02
2.027878855157175600e-02
-2.168596026254434022e-03
2.322354482715891302e-02
8.807203243741872078e-02
2.176294222973748360e-01
1.402503242075302525e-01
3.292196637465223674e-02
