5.543064914838592011e-02
-2.362324803864288697e-02
2.546104154229342220e-01
-1.144329308892964303e-01
-8.732634114861896613e-02
-1.177478254612281672e-01
-2.609589375722081717e-01
-7.909520546599182328e-03
-3.946596397787775767e-02
2.666916381115130852e-01
1.037661845868845245e-02
4.941136549750736739e-02
-1.585050987986410809e-01
2.629383434288827814e-01
1.775348616269938617e-01
1.967789075399326570e-01
5.162264799511792623e-02
1.899994472897711673e-01
-6.082306891061167731e-02
2.536107192973636182e-01
-4.083590729548211562e-02
-1.560731450905724835e-02
3.185920803432418791e-01
-4.674149856681800164e-02
1.034373309448400752e-01
1.015912711993510464e-01
3.894026149644566615e-02
-1.804030331498066020e-01
1.178330790115044574e-01
-1.770267444934630618e-01
5.089071370867558758e-02
1.378435216837106334e-03
-9.187100345294109405e-02
6.627049207112868656e-02
-7.495833226895927404e-02
-2.932131006897684827e-02
2.906778484549457642e-01
-1.065772426013728846e-01
1.453468366700708392e-01
1.443005243187594870e-02
2.531576429955748608e-01
1.744452225083530650e-01
2.759562165038414450e-01
-2.065252530607161741e-01
3.433779608766882041e-02
2.502827144572760121e-01
-5.491540259388388162e-02
1.302564133135990510e-01
-3.182581775951356853e-03
-6.092372243046144387e-02
-1.229800204818844306e-01
-1.325600702939061792e-01
-5.722254059151109934e-02
-1.145908842044399412e-01
2.778234273600693055e-02
3.519818598919700198e-02
1.710266891927678112e-01
-1.012306469657887897e-01
2.787635927543359871e-01
2.080887443990707131e-01
-1.461027653042644425e-01
-1.469816254772766603e-02
-6.562074133190874681e-02
-2.946456546797899048e-02
8.331778803552762624e-02
-1.690677570531733120e-01
6.217874504127294394e-02
3.865195736224060624e-02
1.962447053072592373e-01
-1.044334286750945862e-01
-2.168146069311915614e-01
-1.228510360925183370e-01
-2.376092961247735780e-01
1.341259549286484831e-01
-1.329208789641196931e-01
1.010484860207542662e-01
-1.277881689175230928e-01
1.490077864213066594e-01
-7.878397610463926115e-02
2.539401905816522365e-01
4.635491292779714972e-02
1.458779187121501952e-01
-3.923372004730950324e-02
-1.974547553633320893e-02
3.137401489983575320e-02
-3.117551235167858106e-02
2.773123987129696433e-01
2.584770211529537898e-01
-1.260707139022445855e-01
1.771726886622581598e-01
2.193580306817509706e-01
7.938079521325305810e-02
-2.702306894451627500e-02
-2.932389751879074802e-02
1.054609450966136341e-01
-4.119469850334048916e-02
4.942165722167838476e-02
-2.570710064754159196e-01
-5.573378924959405956e-02
-2.867262434980101179e-02
1.502140233150209003e-01
2.191372108676076513e-01
