3.027639001306233202e-01
3.205372812382247250e-01
3.049616877766444523e-01
3.576154288383153745e-01
2.637412884289803139e-01
1.797757429063084056e-01
1.498924471674454584e-01
1.593828774665153047e-01
2.765438077970451269e-01
6.615102923934972345e-01
2.332512050463927400e-01
3.552424086421608895e-01
2.540341526066219879e-01
3.904068509425042133e-01
4.350864207320534471e-01
1.939580784152253046e-01
1.220653941053412711e-01
6.648258091600443148e-03
2.874553685498199562e-01
3.140902874604134531e-01
1.329594874366573365e-01
5.708043973969665341e-01
3.242367989719938115e-01
3.100071431340373218e-01
2.331228414219957412e-01
1.688016567784875743e-01
1.648692100243715208e-01
1.500204410786391274e-01
4.334317874584687758e-01
1.847694655527806762e-01
3.087826880337115609e-01
3.816024881297503946e-01
1.874413408911816403e-01
2.904698604337724865e-01
1.484634457631329452e-01
3.470657956071744321e-01
4.653599903702823615e-01
2.474277834580881075e-01
4.556838619194308881e-01
3.283991417239531252e-01
3.402216019643755640e-01
3.236132003581578820e-01
1.494921842105802201e-01
2.473883172125774799e-01
9.527324433182850216e-02
3.171286315602269146e-01
5.351663688791311602e-01
2.515811311891616997e-01
1.577038288579357406e-01
9.641472152409048813e-02
3.214236891210095481e-01
1.020830337808039390e-01
1.719420391812811200e-01
2.556253882108217579e-01
5.410249514064422449e-01
3.842146292885306180e-01
5.121803500701647138e-01
5.045177641655711476e-01
3.370577981191076600e-02
3.518098834149546161e-01
1.688355239059975421e-01
3.612708230309317758e-01
5.434338714832180894e-01
1.763247749720355528e-01
1.250619278441695292e-01
4.187302992991276951e-01
4.006871547723842020e-01
1.852777871805511012e-01
3.998164983360660285e-01
4.049698516617497579e-01
3.994166034050873337e-01
3.374111353612085362e-01
2.661698449872266226e-01
4.620602291563392638e-01
5.095959456994446635e-01
8.122690942257751456e-02
4.002621368257677226e-01
2.702713698283641941e-01
1.531556799900412047e-01
2.642126242188369556e-01
4.391991135905832788e-01
2.496370970911734322e-01
1.782674220007952892e-01
2.010135911919476714e-01
1.926372015956951886e-02
4.293530807514259195e-01
5.488202935323609477e-01
2.358818867265675689e-01
3.936891809664953834e-02
2.759024288898629940e-01
1.727350403484349817e-01
2.362346597462143261e-01
2.860964907166526627e-01
2.311868380322074645e-01
3.703815945857432679e-01
3.716122109375222249e-01
2.389242859476705949e-01
4.226482153909331130e-01
-9.675980626862781125e-03
2.097934486374268825e-01
2.326319423264767705e-01
3.938670528297906204e-01
