4.079188121671603606e-01
1.896924478617883492e-01
2.963836575151262975e-01
5.857892196929184170e-01
7.331956426770319668e-01
1.913487525283733004e-01
1.667349155326202370e-01
3.398057451488983860e-01
4.181269917355720511e-01
2.233891278890467180e-01
2.492150202161250161e-01
3.527944241815548776e-01
2.696838364389187448e-01
2.724578392034700536e-01
4.768568988385032958e-01
2.877289738715316791e-01
4.034602834252600800e-01
3.795018829730342769e-01
3.480991102954701932e-01
1.447868061695437858e-01
2.768859447755723791e-01
4.168109327745045389e-01
3.861669826069727973e-01
2.927472443525945267e-01
2.130125083540354847e-01
2.824844294933058775e-01
2.514906489942633772e-01
3.018374209128989460e-01
1.943548764628225956e-01
3.550808869300791648e-01
1.980084812879043810e-01
3.466526508483329105e-01
1.598051083001250650e-01
2.528453976806790959e-01
3.088610368385350524e-01
3.674873097276959988e-01
1.374152281172068835e-01
4.288803151228546828e-01
1.890449495918011813e-01
5.231619322275009587e-01
3.761002158873418266e-01
2.740852057447338841e-01
2.576370433121232262e-01
3.058424875095772655e-01
1.134689124310064717e-01
2.886077968137240046e-01
6.084217584416573565e-01
2.949990347048390693e-01
1.960280036215923671e-01
3.629375998448465812e-01
2.475165476124778496e-01
2.298195269770167415e-01
1.384417330369459020e-01
9.272547229681268877e-02
3.472289992644192469e-01
4.530235542612949806e-01
3.551497899966188920e-01
4.525498792917111435e-01
2.828511740702463473e-01
2.776495008988497659e-01
3.212986228006692868e-01
5.982845587481199212e-01
6.060436996745195426e-01
3.797525581497958047e-01
1.741297491328274993e-01
5.115344405817934259e-01
3.679268183256267921e-01
2.983987083423738085e-01
3.391764857623129070e-01
2.453962035547296305e-01
5.372225772422171142e-01
4.682161241999043266e-01
3.515699669562510898e-01
4.363916769974193754e-01
3.993729514400373160e-01
1.545925887081724681e-01
5.048175109665775651e-01
1.875930121660093763e-01
2.873481172666712546e-01
2.030727796270157259e-01
3.160913899362404744e-01
3.249374829579425583e-01
2.639251621207554521e-01
4.872434585249028616e-01
2.314759836607890864e-01
3.459009990390622402e-01
2.553231283643807026e-01
2.382023768187103152e-01
4.725454369347894396e-02
4.297923563882197207e-01
3.519472231140849394e-01
3.145844095365570858e-01
1.731997049933443611e-01
3.272015496120628253e-01
2.614647702378917193e-01
4.207989909190377187e-01
2.215890396708942445e-01
3.775163340256769695e-01
9.744047952249673683e-02
2.055773525926951062e-01
2.336306745423752107e-01
2.955274146828226201e-01
