1.942886251625196292e-01
2.216767737769578250e-01
-2.157057849904664981e-01
-1.083291748246400371e-02
1.382137876515166786e-01
-9.514061905078037562e-02
-7.244506883751547499e-02
3.064563603027046224e-01
-2.653695075917653634e-01
1.219235302919507123e-02
-2.427640093715582870e-01
-2.014810254898721509e-01
-1.642146846359178805e-02
-1.114345459071531264e-01
-2.605892072136357651e-01
-2.555451937355834313e-01
-1.796968053645075503e-01
-2.437428454185738835e-01
7.759292382054541748e-02
-3.602456206092671809e-02
1.220424654845884554e-01
1.166930063597451245e-01
1.958441274612630068e-01
8.086595671331882687e-03
1.550386702118106974e-01
-1.817432846282267256e-01
1.769824347408579038e-02
-2.068934697338326578e-01
-3.151864734321865869e-01
-3.017571016300200082e-01
-6.534259354332692254e-03
3.018628520946476934e-01
1.831440233916733704e-02
-2.788454271216421199e-01
1.114894725709519724e-01
-1.105306894044394278e-01
-4.657127252803701378e-02
-6.413011703251919604e-02
-5.055571479580150268e-02
-5.843202968060547814e-02
9.290000332066330677e-03
-3.560553653306530730e-01
-2.827015200666304628e-01
-4.453412251393993465e-02
-1.603625936173653718e-02
4.076618365123928917e-02
-8.117383150119198906e-03
-3.641631120992181586e-02
2.035547113987173917e-01
1.055137857742386581e-01
6.727707390621611161e-01
2.416985734497959781e-01
1.362951107349631430e-01
1.198799641214637474e-01
9.284001473378912517e-02
1.017958870212611576e-02
-3.303775575663128738e-02
1.134181426009979732e-01
-2.184778807281659574e-01
-1.466288956788439624e-01
3.003047166749615582e-01
2.246763009912097209e-01
-1.232566847211050698e-01
-3.388189621963185599e-02
1.529194074983678264e-01
8.998211516537393817e-02
-1.973565010969017541e-01
2.372432989809563492e-02
1.874244946571541198e-02
-2.828738029191370518e-01
-3.463808259341673024e-01
-1.212056126488068458e-01
