6.889469765237761500e-02
1.579587599421568567e-01
-1.576575439762428754e-01
-1.634848903886864172e-02
-6.319430137005879744e-02
-1.645407502642446951e-01
1.182930814443136852e-03
-1.204403650712652513e-01
-2.125053897183780405e-01
8.866595243663409620e-02
-1.320467135053479957e-01
-7.947563090817007236e-02
-5.364246702782587972e-02
-1.534418934357277831e-01
6.937967290138362386e-02
3.556653311103692705e-02
-1.294895993981708820e-02
-5.184898779615105396e-02
-7.293299193785082735e-02
2.313452332166668346e-02
1.740518034966442862e-02
3.384929106801095461e-02
2.132644484795491804e-02
-1.209343010243895816e-01
1.694407418799553089e-01
-9.734322876671605562e-02
2.897030968850979570e-03
8.572108533316155632e-02
-4.153770873227882743e-02
1.515262169868999143e-01
6.081055332245776518e-02
1.601237025336696984e-01
9.372112866137367881e-02
1.523548342970997838e-01
-8.006589350370656166e-02
-5.681586883854837511e-02
5.768098704646396763e-02
-1.494140643024276793e-01
9.214785417215223817e-02
-7.787718833841160426e-02
-5.835329160051519470e-02
-2.245445248382558767e-01
-2.810525165753438234e-02
-1.278503989542008057e-01
8.044945514933027342e-02
1.457593606550149079e-01
3.571336305804732880e-02
2.767578566874246034e-03
-6.742112329614241562e-02
-4.264078227335189181e-02
2.518385769951794195e-01
1.949849220071041833e-01
1.059441654453428111e-01
1.290160263438260291e-01
3.151299209092470535e-03
-2.598424899116931197e-01
4.695105398624598719e-02
-1.550566874518569394e-01
-1.237150847855086194e-01
7.581928753761148221e-02
1.809229076847133910e-01
-1.981000252219660696e-01
1.317342141826964444e-03
1.356064309979850696e-02
2.959090601789182151e-01
-2.325817332025610640e-01
-7.483803653796338926e-03
-1.041912588836178544e-01
3.846102818238444909e-02
-9.946586665903482671e-02
-2.315532300825090817e-01
8.358999514339578163e-02
-1.030216565434600995e-01
1.024825076248732508e-01
-1.135182886850020917e-01
1.390348500976232859e-01
1.149797734732689244e-02
1.031012590814023473e-02
1.155687207251939325e-01
2.433455930410587664e-01
-1.863698443773395552e-01
5.819842479071026670e-02
-2.107540612680845749e-01
-1.839944602224986847e-01
-2.769845461273538478e-01
2.844303805510136063e-01
-3.237162413877261308e-02
1.683762616924170952e-01
-1.094394577210514308e-01
4.564288473616980729e-02
-1.913737623980421576e-01
5.108428782937807222e-02
9.984411365716676368e-02
-1.697067351874508283e-03
-1.552166935966965144e-01
1.315833977254925354e-02
-1.623749281976744341e-01
2.363088295281363937e-01
6.215152025071444403e-02
-5.440811865154006853e-03
-4.786272034191958735e-02
-3.614587779837970943e-02
