-1.812543597345491198e-01
-6.857793240701627602e-02
-2.810824274429683522e-01
-1.282996218842687441e-01
3.147992918937900231e-02
-2.404959513540648741e-01
-2.200158510490489092e-02
1.390580475402370675e-01
-2.377528487810716407e-01
-3.300906279840558066e-01
-1.912743104988032586e-02
2.814970855103979611e-02
1.268137102738709221e-01
-1.981368324999175368e-01
8.146606322158965463e-02
1.572198081932431324e-02
-1.302083260239975115e-01
-2.178424745133643869e-01
-1.248362977988615591e-01
1.137788483746615814e-01
5.560471391878601954e-02
-1.029503990372804961e-01
-2.343002083456235951e-01
-2.277066102321805285e-01
-2.907642101620016573e-01
-1.662512821207492997e-01
-1.146769858008763604e-01
-1.258964472642535581e-01
1.057639060358602501e-01
-1.089372162942451872e-01
-5.485921493967029633e-02
-2.620810185601704645e-01
1.694009924583863014e-01
2.673886360399201911e-01
-1.653834973643218131e-01
-2.125014267572902238e-01
-1.200709558302172214e-01
2.482042681976545928e-01
1.544613125839620349e-01
-1.051877461086892784e-01
-1.913865029223942860e-01
2.405830412380557670e-01
-1.877512804144947922e-01
-9.499848139700395322e-02
-2.481966506520200955e-01
-2.689520374067154718e-01
-4.344048434921336799e-02
-1.673420457223387947e-01
-1.574070613832090626e-01
1.061309870818952783e-01
2.087509001064496439e-01
-1.180254462210382216e-01
3.491966949816955462e-02
5.480508245239137932e-02
-1.162153571163288268e-01
2.771863255041492891e-01
-2.806111354064967922e-01
1.458570299728543795e-01
-2.420888804365348423e-01
-2.315419090789869738e-01
-1.431286299716361121e-01
1.966123060622706198e-01
7.575673447825277684e-02
-1.494530104533697001e-01
2.010790051324818362e-01
1.823007093735617701e-01
-1.411551530324640369e-01
-7.283815267972458540e-02
-3.469409497927563035e-01
-2.118079222071190260e-01
2.774894381869486559e-01
-3.169309799189211074e-01
-1.439130932163464882e-01
-1.106613250656766079e-01
1.727035164879381357e-01
2.233478168255077501e-01
-2.533413565750225471e-01
-3.314105651572986644e-01
-8.832319431920837571e-03
7.687496475694791109e-02
3.067714644846248825e-02
-5.894607553975012709e-02
-1.967433182249616885e-01
1.209634299884487924e-01
-3.878902515844737109e-02
1.252396614424118593e-01
-1.850042257571251070e-01
-1.830636657845693960e-01
9.453105413741877405e-02
-2.629405051133493210e-01
2.630574930115521237e-01
5.462629655547195096e-02
-8.749738401027036538e-02
-2.027077613925769850e-01
-1.328129554085420161e-01
-2.232981857606584353e-01
-1.398736915973541606e-01
2.618113199948158831e-01
-2.393189665200985694e-01
-1.766906297945484983e-01
-1.654425008596470958e-01
-1.919844436173418767e-01
