1.307446365290329537e-01
5.536558699734100281e-02
3.886104608011974743e-02
-4.473384637828470983e-02
8.395520082307170173e-02
2.673611185701486037e-01
2.312247501119959747e-01
2.333968404825891019e-01
1.134735581100615315e-01
2.129074305137908796e-01
1.950470171563931654e-01
2.968874965173394775e-01
2.201193331993647750e-01
1.713422886828800673e-01
8.565572220769179790e-02
8.734161699395925904e-02
2.075160157117984239e-01
-4.939027619393167312e-03
-5.091351403448978255e-03
1.446264163819980242e-01
1.722480970879223527e-01
1.239169248699658055e-01
1.872011107957923526e-01
5.140156053539123721e-02
6.353497645578514742e-03
1.198035224331022025e-01
1.134749439202832472e-01
1.178349638489644413e-01
2.599632489593778351e-01
1.504971470643383102e-01
1.710391174321556629e-01
9.551729285394204572e-02
-8.345775152015115494e-02
2.563682825147385880e-01
1.274320439364395596e-01
7.152390322446339210e-02
-3.074853310347401211e-02
7.619219459034431985e-02
4.728667922508304755e-02
5.478092575256869601e-02
1.752864364016621934e-01
2.582118671907573937e-01
-8.467313827980259278e-02
7.895832536728697448e-02
2.301810424211479800e-01
5.515021589572265126e-02
1.573347827341256555e-01
1.860925188195378110e-02
-5.324361263917556930e-02
7.897881490568139928e-02
1.271174616913245403e-01
1.165073335348010275e-02
1.050977856770486524e-01
2.618027271433701671e-03
8.641968623467856381e-02
2.227947949684042639e-01
-7.566071666017716406e-03
1.345232844328346777e-01
-2.002807649612221852e-02
2.760589329294132477e-01
-6.208381076087298583e-02
2.473011937265574001e-01
-4.690333655617770492e-02
3.418583762548744326e-02
5.321680851522464506e-02
1.616102028892084930e-01
1.568835402986758498e-01
2.470163095179749024e-01
1.751157631535182890e-02
1.448455558465846227e-01
3.682094132302959344e-01
2.970868088922932592e-03
3.640516714653312391e-01
-1.252135510171985960e-03
2.235604385387342241e-01
2.301841152197174334e-01
1.037419161203221862e-01
4.817925507518561884e-02
8.777414196181985984e-02
3.078722156553391209e-01
3.403270544974756895e-01
2.341897295378939092e-01
1.653844871662207283e-01
1.789158419877344974e-01
4.407578349450948230e-02
1.782860655762419366e-01
-7.264483406026490953e-02
1.009529809603472994e-01
2.071259606693575395e-01
1.538839038269789183e-01
3.071445747420060157e-01
2.017438649310018539e-01
2.041601353688848319e-01
1.868259563028767389e-01
-1.127798482103737308e-02
3.427857553222398573e-02
-6.308085179999482761e-02
3.100967276688214036e-01
9.163240110773956948e-02
2.456328715906605509e-03
-2.358683788038791473e-02
8.818410939150167493e-02
