2.507882536320535927e-01
5.547160252513938516e-02
1.214290389069531267e-01
1.901184498390230126e-01
8.068748920034431171e-02
3.395036158009046567e-01
-5.319062887166562704e-03
4.240175943400818076e-02
2.953535928614930972e-01
1.669806162298040075e-01
2.844423556537636899e-01
7.064183549216954128e-02
2.234409108369085906e-01
3.810646978374720995e-01
1.935008367627600867e-01
3.288654899400492715e-01
1.763725699244676204e-01
-5.123008350480692114e-02
1.531296805063710464e-01
1.621109785128730663e-01
1.790756884509347169e-01
1.517181886099503996e-01
2.066012963192360163e-01
-3.747348912278556515e-02
-7.611215987364805535e-02
1.701500159843071514e-01
1.090731887017849927e-01
3.925887935901210130e-02
2.223153712968984341e-01
9.577261667045046389e-02
7.916431848702179530e-02
1.763581179130744858e-01
1.277947120797475189e-01
1.389091005826030845e-01
1.436901792306365666e-01
8.384622928274680642e-02
1.696711219389188952e-01
2.076179507717809403e-01
2.070511813832514869e-01
1.322057964082159476e-01
1.532846245652271233e-01
2.011996757323664953e-01
2.054973954826501970e-01
1.131295839440827899e-01
1.316167533195957973e-01
9.714905258397704690e-02
2.119946693539290494e-01
1.620222269601321319e-01
1.731781500557193487e-01
1.596039961024950382e-01
1.661357207020038029e-01
3.141825980725161671e-02
1.060065582786169358e-01
1.040491670178242678e-01
2.453244105762508176e-01
8.498955780029408824e-02
-7.631758939374858053e-02
7.764753021269103772e-02
-6.300167229034180083e-02
2.097668292294151970e-01
3.166189325982490116e-02
1.985876669993638655e-01
4.725590292615877014e-02
2.360560103529997511e-01
1.693504390994839681e-01
1.211100852705205566e-01
1.022437381938629125e-01
2.787160451552794238e-01
1.590942554322321290e-01
1.575516696166702757e-01
3.344821914749721015e-01
6.681816119901425044e-02
4.104110497857084150e-01
1.829819849165675305e-01
3.551515035303206003e-01
1.673927613764939204e-01
5.683949073653574852e-02
1.540486925120845008e-01
2.077261221122406187e-01
3.613264801550710170e-01
5.111198323677893646e-02
8.407689936914430895e-02
4.221597770153288076e-01
2.522181551325594975e-02
-7.301020664014845618e-02
8.798626675940768305e-02
7.119944056281113376e-02
7.356333673508012871e-02
1.084900051071902571e-01
1.073475849889532346e-01
1.340871990145705572e-01
1.534846261394945954e-01
4.080001323436999172e-01
1.303234529515382434e-01
1.729779720852109293e-01
1.703158290082707749e-01
2.178476752772007252e-02
1.746063439344892054e-01
2.104746461533579804e-01
4.638002227461988231e-02
4.488731706032664942e-02
1.569247408077913131e-01
