-3.043839431216482372e-01
-9.156051134709912442e-02
1.666812438257849194e-01
-4.041105169181292700e-01
-1.079183094398829812e-01
-4.350715601189481530e-01
-3.421480433344606387e-01
-2.354527803744146386e-01
-2.181968267252562821e-01
-2.910756925934411821e-01
-2.205523995144010319e-01
-3.020178302574522133e-01
-1.636455005037888433e-01
1.229229960165563323e-01
6.565362152595219380e-03
1.844408832903065287e-01
-2.966065319953751778e-01
-1.153758127615535228e-01
1.940027886802950588e-02
-9.621891744537099112e-02
4.721339017858896397e-02
-5.234568822194498455e-02
-1.631364400335925113e-01
8.358967571078294856e-02
-1.087480267927394550e-01
-6.061457757411334996e-02
-1.620209461243170557e-01
-1.727590861814004841e-01
-1.247713185183630669e-01
-4.308957916047663206e-01
-3.987549139879852378e-01
-3.929572424413607101e-01
-4.639741073963644102e-01
-2.023368631515417571e-01
-4.901672175313754459e-02
-2.038370424040369666e-01
-8.847813456644279539e-02
-2.698714155785470470e-01
-2.953719302640636091e-01
-2.008858311587370105e-01
-2.599543439841512510e-02
-1.351217953240420044e-01
-3.820416357516796535e-01
-2.181564581927246116e-01
-4.528310375714719553e-03
-1.487754995518824064e-01
-2.056187540873645747e-01
-7.515710772057279665e-02
-2.956841283039318702e-01
-2.309334105581204999e-01
-2.639330671013870311e-01
1.364532232188602201e-01
2.833506261239579407e-03
-1.455887041443198748e-01
-2.617200862112927795e-01
-4.035732581755479415e-02
-9.755454171941481400e-02
-1.764185542163740628e-01
-3.123132787051831061e-01
-4.088110963416346499e-01
-3.846529216031004950e-01
2.709038441323160401e-04
2.250081357581144026e-01
2.796454374400361709e-01
1.992343046718509647e-01
7.871134885766377376e-02
4.673760683052292919e-02
1.282175983644216755e-01
4.783432009155291764e-02
2.020295989254761865e-02
-4.013587440199142820e-02
-3.190742056398324089e-01
1.622015086833686059e-01
2.787091754010655453e-01
1.528348604577754177e-01
-7.364938558003811253e-02
1.532307070627965395e-01
-3.798844733523765171e-02
-4.388614398252849158e-01
1.185806138597580023e-01
-9.190223791630108829e-02
1.766428278149288211e-01
2.691658202537929312e-01
-9.653150728095398481e-02
-1.888477529578247958e-05
-2.645686751607032039e-01
-7.946855412325372348e-02
-3.970895302540636274e-02
-2.859634665197705039e-01
-5.002488089662046056e-01
-4.833725094163280334e-01
-4.185486625930631699e-01
-4.022351084572640678e-01
-2.955361075966295714e-01
-4.371584507517129459e-01
-4.616162468599832036e-01
-2.537386701561079039e-01
-4.536772637935339580e-01
-2.722995169752835953e-01
-3.672404970525831036e-01
-5.155229740523572524e-01
-4.854776474710484346e-01
-5.031422169089750929e-01
-4.517328908337220339e-01
-3.793787360985886870e-01
-4.791276318717263005e-01
-3.757859338479028755e-01
-4.453227802388754486e-01
-4.771171671592164820e-01
-5.047746361352979383e-01
-1.752833641728068770e-01
-4.398586358068360402e-01
-4.596543323421689586e-01
-5.415546310947798592e-01
-4.241899039121634352e-01
-3.890628190235216888e-01
-3.910419401863807209e-01
-4.447367502243788073e-01
-2.032187782161770095e-01
-4.171380176902050874e-01
-3.083298578489025443e-01
-1.725142703414352108e-01
-2.977970244029187197e-01
-3.676739416751276246e-01
-2.916878539868885123e-01
-4.758303762823372640e-01
-2.375522846961569401e-01
-3.274444780971634272e-01
-5.368151206330267211e-01
-3.528720935550335169e-01
-3.670647140209540860e-01
-3.867916813868995107e-01
-4.778432160655257110e-01
-2.602303155321105677e-01
-5.072534761689158067e-01
-4.205009601950044362e-01
-3.356581449509508097e-01
-4.615629430358977880e-01
-4.713815546068517159e-01
-2.138633367315609102e-01
-5.175403961646080075e-01
-3.067981884957601824e-01
-2.937054980623280409e-01
-4.267198091939155558e-01
-1.033110651149816567e-01
-4.100358161850851668e-01
-2.195838318841133452e-01
-2.936853718860106821e-01
-3.705514975476399409e-01
-7.124960339561173250e-02
-2.721691378924357418e-01
-2.870764027556980125e-01
-3.820650175395692849e-01
-4.425594493450851208e-01
-3.131437758129080318e-01
-2.888332343758876486e-01
-3.973223565468746443e-01
-4.088246353411656986e-01
-1.936894709736108333e-01
-1.541760409840743640e-01
-4.470738088482260064e-01
-4.128087735017004212e-01
-3.347441903780570827e-01
-1.849133076737317638e-01
-5.022983982003792480e-01
-4.517311902717442984e-01
-2.557071110007272940e-01
-3.519709691631323634e-01
-2.844451162253466836e-01
-4.239902849658900852e-01
-3.561739178356833624e-01
-3.916254430162984246e-01
-5.292032279503520176e-01
-4.512352269033266250e-01
-4.977908079817204845e-01
-3.069429255899385756e-01
-3.763227731508246854e-01
-2.196433016561437357e-01
-3.235608284858338402e-01
-5.061688932431859245e-01
-3.050418473570910005e-01
-3.529082897965148402e-01
-2.826796192271768260e-01
-3.418103764027060620e-01
-4.585124575601843278e-01
-3.974941801991486723e-01
-3.148480320599967852e-01
-3.355719267944592410e-01
-3.572168590542145195e-01
-2.367839295829942958e-01
-2.777159607961556809e-01
-3.863029072923986340e-01
-1.788357728067233587e-01
-3.632845425400257899e-01
-3.693817279889208272e-01
-4.415787958742348751e-01
-4.720301948020069194e-01
-3.662298303467932392e-01
-4.026521213695693491e-01
-2.391127625214781727e-01
-3.172954984168145365e-01
-4.403209282135879810e-01
-5.107112644281690539e-01
-1.859885435981717128e-01
-4.263219451732832010e-01
-3.183365555118182200e-01
-3.815847526657807909e-01
-4.525574081244448932e-01
