2.446063164613921648e-01
-8.994104918620011990e-02
-7.021302107873603204e-02
-1.329492498661626887e-01
-1.231568429409472254e-01
1.649300831637746656e-01
1.686286550039479692e-01
6.019563331669793710e-02
4.813626086495621098e-02
-5.453264089565736106e-03
-1.214068631304723311e-01
6.269877330902683121e-02
2.656378833246642590e-01
3.299851245008368350e-01
-2.146400406077711709e-01
2.377440930608185621e-01
1.713343015109118350e-01
-1.002050917985229384e-01
2.794827169759771524e-01
8.532682410255128247e-02
-2.916508623433814590e-02
1.117636744414054334e-01
-2.969598972985342256e-01
-1.703912176180112925e-01
3.419074126917928669e-02
-1.017732511667524681e-01
1.503536293026078718e-01
1.038408969358904340e-03
-1.327505367276448633e-01
4.056467590843869375e-02
3.948360388710531188e-02
-4.136361406540145502e-01
-3.646556388105621771e-01
-2.239422752075567180e-01
-3.432625224905933026e-01
3.286700185995488077e-01
1.033504692020984633e-01
-2.661148017402445443e-01
1.647827149583662720e-01
5.305186092226375771e-03
4.489348412519097303e-02
-2.358789526915511248e-01
-5.557590139622806680e-01
1.150426716954856959e-01
-1.067074675176676313e-01
-1.245501446953280050e-01
7.138136975677285279e-02
1.576130104937783771e-01
-6.680952278006720146e-02
8.426413577536959014e-04
-1.785606886649824532e-01
2.532695559723570078e-01
-3.327534722339057227e-01
-9.911537041651176383e-02
-1.337740221429563892e-01
3.067405258031370985e-01
-2.357678548106591776e-01
3.788777646988255032e-01
2.276472920667624855e-01
3.049617964861452424e-01
-3.563080165320212100e-02
2.227181332758353949e-01
-2.336721556068015182e-02
-1.943993616404135205e-01
-8.569471158805375133e-02
-2.553601726040065079e-01
-7.393871348329103532e-02
2.325780727075361931e-01
2.904465726528748237e-01
3.219252998995233983e-01
3.746813416444215172e-01
1.142320180570443877e-01
1.360296641438090703e-01
1.688005165159967569e-01
5.868669351894064551e-02
-1.326181785470929575e-01
2.650275515997752018e-01
-2.186522125650812165e-01
-8.658882947273646713e-02
-1.605389024238668971e-01
-1.058324624767306293e-01
2.420978592510965310e-02
-8.542386099012053147e-02
3.143644218929229628e-01
3.829860908551468435e-01
1.500974050506095059e-01
1.430027219884673073e-01
8.420881177477690382e-02
-9.933350219120540281e-02
-6.420102828104641557e-02
-4.251350191380794952e-01
-1.935283648396185774e-01
2.669060081126829655e-04
1.375548051792630649e-02
-1.241932723232116315e-01
-1.585056287794419927e-01
1.882258847407795033e-01
6.208547517284185302e-02
-1.725657733778270253e-01
3.293878460033928812e-01
-1.782030751651207112e-01
-3.584487044035238323e-01
