-2.619098996724305572e-01
1.259427689383670335e-01
6.503321722579946673e-02
5.200619208819813599e-02
7.274098148259930396e-02
-6.645004674851241744e-02
8.600081923823369237e-03
1.076510590225383118e-01
1.473166728550933668e-01
-4.753167916372363355e-01
-1.314146298986750561e-01
2.055071555778822251e-02
1.067433836095694859e-02
-3.723481018716836011e-01
4.970574157999088638e-02
-3.445465704895966930e-02
-8.459305868379513038e-02
-2.127416404994815768e-01
2.256681110456284500e-01
-3.490552214763865679e-01
-2.208784663134715776e-01
1.685148043015078645e-01
-1.541882809747048555e-01
-3.486197635276786500e-01
4.234015924639978994e-03
3.471990205311295541e-02
-2.143042373312459836e-01
-1.148860211393311626e-01
-2.200079961800530948e-01
2.909256528680252696e-02
1.711731723042319575e-01
-2.995245020371361533e-01
1.812943044758737465e-01
-5.926268405702469350e-02
1.504834990336665068e-01
2.053806386136043383e-01
4.908416714813761822e-02
2.200372045158155709e-01
2.489533653654862899e-01
3.094398882328641132e-01
-1.453613046275378275e-02
8.481443600824192797e-02
2.706550897796913824e-01
5.971411366144237926e-02
-2.417521911171259183e-02
-1.301006408650565715e-01
-2.899052805802825317e-01
-1.635724370615083134e-01
-9.708936821018303298e-02
2.673501601531498920e-02
-5.116041285967126706e-02
6.638767668839797020e-02
-1.460307407137917401e-01
1.109874957627056818e-01
-2.732545463283322373e-01
1.010286724099086625e-01
1.152914081668009322e-01
2.975134820648351885e-01
1.371212820239297303e-01
1.562293105242964220e-01
2.152924404603872854e-01
1.506416732464924413e-01
2.507578452606842173e-02
-4.119758221137601734e-02
-2.773492564817357509e-01
6.089800600876166953e-02
-1.002089741438971365e-01
2.166469231284414709e-01
7.480482637735641482e-02
1.918599179359299356e-01
8.478515024775445941e-02
7.317328974728677660e-02
-9.355261598302801185e-02
-1.167197566464986680e-01
-2.233509117007465017e-01
-2.111607425769760904e-01
-4.996562957809271704e-02
1.405381260194465617e-02
3.037282677364254724e-01
-4.060826019490316185e-01
-3.114870445943067612e-01
-1.638792408190620567e-02
-2.254410307626441290e-01
-4.664233530889842078e-02
1.780307299234622220e-01
-1.625429010120474638e-01
-2.447718900651193463e-01
1.433861209665630854e-01
1.865533611185550833e-01
-2.310441073761924091e-01
2.027384893172753666e-01
1.056779613177833005e-01
-2.378834394570853578e-02
-1.977630193239697798e-01
-3.389148908285387618e-01
1.358357057320545846e-01
5.584271546092407779e-02
-9.794068035756987867e-02
-7.346775515989327487e-02
6.095485877368056471e-02
2.220214969768141422e-01
1.127786898773582847e-01
