1.205471031041808333e-01
3.398332411909676387e-01
2.489859090962406318e-01
7.949080452260164076e-02
2.501887526734192790e-01
1.710745978269417322e-01
1.714664423121382841e-01
2.442197146278630715e-01
4.393116714413516366e-01
1.018660896008776878e-01
4.352385871540777329e-02
1.674146504416111070e-01
4.839873315907990414e-01
3.678584740830194155e-01
5.793605683589593269e-01
2.530509958849860297e-01
4.252085260401569089e-01
3.870071355148354542e-01
2.426314726826525880e-01
4.265008666579669927e-01
4.577897813004178085e-01
9.453158624130006404e-02
3.937367061872083518e-01
3.841691713414856491e-01
2.972386687553957851e-01
-2.331691544363644064e-02
1.120413607211476065e-01
3.549662816647821684e-01
4.674196613878952022e-01
2.150459913156869685e-01
-5.602561802639196425e-02
2.193413358582208261e-01
2.561248629753966055e-01
1.929800850256893352e-01
2.283768437208088253e-01
6.025166274783796405e-01
2.636550510780219514e-01
5.707295301944531607e-01
1.889672394376066822e-01
2.247187477988627780e-01
2.713482483416908564e-01
2.594964469881940183e-01
5.078672969922765068e-01
3.781545863493887549e-01
2.008021151242784519e-01
3.909220642802124224e-01
3.400175581829058546e-01
1.501149158265452366e-01
2.562063049687150484e-01
1.258560719009373385e-01
4.498464901570928820e-01
1.960275524981190676e-01
9.207118011364427701e-02
2.654131768760116805e-01
3.840343219295791477e-02
6.085695052450148385e-02
3.277243424356073298e-01
3.963607372162091247e-01
5.437559611665098158e-01
2.871119392405103721e-01
3.629162902141077618e-01
4.907269604058548534e-03
2.938267096881342355e-01
2.237051615537111737e-01
2.110802898486387469e-01
2.481461403936837951e-01
2.367898340591579609e-01
4.456785320210098766e-01
4.355795418226351412e-01
2.630249299127445650e-01
5.122180260452897649e-01
1.852417311129948008e-01
3.522452624941911914e-01
3.059443557357304638e-02
3.057370324369518833e-01
4.999126983594898710e-01
4.107882103099585458e-01
1.474596521862686083e-01
3.665624030142025092e-01
1.964563046003412472e-01
1.323331259056531040e-01
8.045025973089186405e-03
5.033553942277736448e-01
2.415697585332193531e-01
3.852292530406323245e-01
3.634599073808875147e-01
3.610464471585171364e-01
-2.283644421817050407e-01
3.076256974996841032e-01
3.151750635583657756e-01
4.221219893990911798e-01
3.379009285026381981e-01
6.545876637323415348e-02
5.166745917613010386e-01
4.490517182475749491e-01
4.121069437498151022e-01
4.787660399224354102e-02
1.447752772646470065e-01
1.216753216387801428e-01
3.398840849547862253e-01
2.611296203375705893e-01
3.008468976513198334e-01
