-5.705079756669485802e-02
4.599713371785273397e-01
2.188643946135765128e-01
2.709952023679150224e-01
3.075603011723040958e-01
6.873421229109919484e-01
1.150551264247165750e-01
9.781303419362308293e-02
3.862344141148048027e-01
1.552924756862298639e-01
1.182994144018281180e-01
3.621259721104655438e-01
-2.254514213878438256e-01
4.262919955291984975e-01
2.277197603449389041e-01
3.661794379404130217e-01
6.559313332325233947e-01
4.474982300624469334e-01
3.114709615748992300e-01
3.081862649130063248e-01
2.124552381643761700e-01
9.269631135744084427e-02
1.803516328486431120e-01
5.011648302764352136e-01
3.636579261930856372e-02
4.249227910552660359e-01
3.931247561164958326e-01
2.703280431945907503e-01
2.940960960788487344e-01
-3.642602981038466081e-02
1.709650055050285777e-01
2.330456822372527215e-01
1.749484115112630300e-01
2.844719990520507835e-01
-1.733278873775847828e-01
1.419998916964843871e-01
2.755159892368869712e-01
2.185100617364574282e-01
4.012316372779828888e-01
5.307133283583112537e-02
1.193117384730535135e-01
9.670103481266061063e-02
1.440931768867974860e-01
3.382000317261510403e-01
2.913717027315383956e-01
4.124018125078942054e-01
-2.007196448016365375e-01
6.716672380230104267e-02
1.452272458569293656e-01
2.677862974579515165e-01
4.337189724632735111e-01
1.195896163576279786e-01
2.846573482596219673e-01
1.551595118200511936e-01
2.759440683056229582e-01
2.563253421785366970e-01
9.731659071383878118e-03
1.769460092680510965e-01
2.137427468618829651e-01
2.260634648745088546e-03
6.515760624742551743e-02
1.601786134909185255e-01
2.773939048415356989e-01
2.326329005542601969e-01
2.825412975600823939e-01
-1.767745427322571245e-03
-2.130379332804720888e-02
7.837091912190338738e-02
1.615287109063752724e-01
1.149042694574057555e-01
-1.043966538548276174e-01
2.634645241087340550e-01
3.583074088690901826e-01
-1.515921949298322004e-02
2.752013463403800708e-01
7.542201487452816488e-01
2.586425556684856519e-01
2.603046269096230270e-01
-3.966971865385771068e-02
3.851273196979342894e-01
4.433358214314059298e-01
-1.078859236933285212e-02
6.710845991763423335e-01
1.237608496992277513e-01
1.365947899892600362e-02
2.119725070590284532e-01
2.567232135199670751e-01
1.834366653387236590e-01
-4.574950404328971543e-02
4.143168563806248761e-01
-1.797289880869703399e-02
1.681385834964126413e-01
1.422724634323367654e-01
1.874861827438256412e-01
3.435265612616720809e-01
5.804430837205626359e-02
1.540338992200220858e-01
-2.049152948382953338e-02
1.042772145571996406e-01
1.742734211904419239e-01
-1.447969145876379371e-02
1.132376928667186700e-01
