2.179055704043970920e-01
5.591893397758940232e-02
-3.037105078378521394e-01
-6.286380570030597470e-01
-4.521565386730748703e-01
1.273966189048055253e-01
2.171324918380301561e-01
-2.812775588602088317e-01
-5.611303871384422728e-03
-3.383079552040437199e-01
1.864288818836124240e-01
1.633513054600998493e-01
-2.427011225624731983e-01
-6.415110018420556656e-03
-1.676806719863596917e-01
-2.016162339560355066e-01
-1.461172612897268797e-01
-1.029957234108370978e-01
-2.644274420066546338e-01
-3.170402682311014853e-01
-8.618475892972883579e-02
-3.149577359696552614e-01
-2.983200986909276264e-01
-1.750026124571510688e-01
-2.471182697768193604e-01
-3.305765403385046430e-01
-1.675479780679218766e-01
-2.705366973129580965e-01
-3.926757568650368069e-01
-4.940834133264115358e-01
1.185197339308773218e-01
-2.881951470674527505e-01
-1.702867029124832954e-01
-4.168273230603929125e-02
-1.511773665354929908e-01
-2.661439040266340150e-01
-5.913959284697740681e-01
9.857571243046658882e-02
-5.757103063583335345e-01
9.656673818122599173e-02
1.544000952721667763e-01
-2.958877349440959814e-01
1.289961434466641577e-01
2.515609970328163136e-01
2.158237074547484161e-02
-1.672020976382488922e-01
1.846222672085237604e-01
-1.696662003141907182e-01
-5.187143395989993744e-01
-5.723426664071143422e-02
2.255984991936561546e-01
1.907205729477182143e-01
-7.771642080420659848e-02
1.198918096226155028e-02
-2.052619656255783576e-01
-4.623732627675746221e-01
2.316043105765776822e-01
6.165658846076115668e-02
-5.317132423882058312e-01
3.743775917354467686e-01
-7.902439671688213374e-02
1.951561803503335246e-01
-4.802865665526852013e-01
3.128309089212668592e-01
-5.313522253755872393e-01
